"Chris Copeland" PF 31 MIL 24 1 8.43333 0.700 2.100 0.333 0.400 1.500 0.278 0.300 0.600 0.467 0.431 0.300 0.300 0.857 0.000 0.400 0.400 0.500 0.100 0.000 0.300 0.700 2.100
"Jared Cunningham" SG 24 TOT 44 3 10.46667 0.800 2.400 0.343 0.300 0.900 0.308 0.500 1.500 0.364 0.400 0.800 1.300 0.655 0.100 0.800 0.900 0.500 0.300 0.000 0.500 0.900 2.700
"T.J. Warren" SF 22 PHO 47 4 20.33333 4.700 9.400 0.501 0.600 1.500 0.400 4.100 7.900 0.520 0.533 1.000 1.400 0.703 1.200 1.900 3.100 0.900 0.800 0.300 0.700 2.000 11.000
"Markieff Morris" PF 26 WAS 27 21 31.66667 5.000 10.600 0.467 0.900 2.900 0.316 4.000 7.700 0.524 0.510 1.600 2.000 0.764 1.100 4.700 5.900 1.400 0.900 0.600 1.700 3.000 12.400
"Austin Rivers" SG 23 LAC 67 7 20.2 3.400 7.700 0.438 0.900 2.800 0.335 2.400 4.900 0.495 0.498 1.200 1.700 0.681 0.300 1.600 1.900 1.500 0.700 0.100 0.900 2.000 8.900
"Giannis Antetokounmpo" PG 21 MIL 80 79 33.46667 6.400 12.700 0.506 0.400 1.400 0.257 6.100 11.300 0.537 0.520 3.700 5.100 0.724 1.400 6.200 7.700 4.300 1.200 1.400 2.600 3.200 16.900
"Ben McLemore" SG 22 SAC 68 53 25.86667 2.900 6.700 0.429 1.000 2.700 0.362 1.900 4.000 0.474 0.502 1.100 1.500 0.718 0.500 1.700 2.200 1.200 0.800 0.100 1.500 2.100 7.800
"Thabo Sefolosha" SF 31 ATL 75 11 19.9 2.500 5.000 0.505 0.600 1.700 0.339 1.900 3.300 0.589 0.562 0.800 1.300 0.626 0.700 3.800 4.500 1.400 1.100 0.500 0.900 1.500 6.400
"Andrew Goudelock" PG 27 HOU 8 0 9.66667 1.100 2.500 0.450 0.100 1.100 0.111 1.000 1.400 0.727 0.475 0.400 0.500 0.750 0.100 0.100 0.300 0.500 0.800 0.300 0.900 0.500 2.800
"Manu Ginobili" SG 38 SAS 58 0 17.93333 3.400 7.500 0.453 1.200 3.100 0.391 2.200 4.400 0.496 0.533 1.600 1.900 0.813 0.400 2.100 2.500 3.100 1.100 0.200 1.700 1.700 9.600
"Tiago Splitter" C 31 ATL 36 2 16.1 2.300 4.300 0.523 0.000 0.100 0.000 2.300 4.300 0.529 0.523 1.100 1.300 0.813 1.300 2.100 3.300 0.800 0.600 0.300 0.700 2.000 5.600
"Nikola Jokic" C 20 DEN 80 55 21.7 3.800 7.500 0.512 0.400 1.100 0.333 3.500 6.500 0.541 0.535 1.900 2.400 0.811 2.300 4.700 7.000 2.400 1.000 0.600 1.300 2.600 10.000
"James Jones" SF 35 CLE 48 0 9.6 1.200 3.000 0.408 0.900 2.200 0.394 0.400 0.800 0.447 0.553 0.400 0.500 0.808 0.200 0.900 1.000 0.300 0.200 0.200 0.300 1.000 3.700
"Kris Humphries" PF 30 ATL 21 0 14 2.200 4.800 0.465 0.400 1.500 0.258 1.900 3.300 0.557 0.505 1.500 2.100 0.711 1.000 2.400 3.400 0.600 0.500 0.300 0.700 2.100 6.400
"Blake Griffin" PF 26 LAC 35 35 33.4 8.600 17.200 0.499 0.200 0.500 0.333 8.400 16.700 0.504 0.504 4.000 5.500 0.727 1.500 6.900 8.400 4.900 0.800 0.500 2.400 2.700 21.400
"Devyn Marble" SG 23 ORL 28 0 8.9 0.800 2.500 0.296 0.300 1.100 0.250 0.500 1.400 0.333 0.352 0.400 0.900 0.417 0.200 1.100 1.400 0.400 0.500 0.000 0.300 0.900 2.100
"Deron Williams" PG 31 DAL 65 63 32.4 4.900 11.900 0.414 1.500 4.300 0.344 3.400 7.600 0.454 0.477 2.800 3.200 0.869 0.300 2.600 2.900 5.800 0.900 0.200 2.300 2.400 14.100
"Mario Hezonja" SF 20 ORL 79 9 17.9 2.300 5.300 0.433 0.800 2.400 0.349 1.400 2.900 0.504 0.513 0.600 0.700 0.907 0.400 1.900 2.200 1.400 0.500 0.200 1.200 1.600 6.100
"Drew Gooden" PF 34 WAS 30 0 10.2 1.100 3.400 0.320 0.200 1.400 0.171 0.900 2.100 0.419 0.354 0.300 0.500 0.643 0.900 1.900 2.800 0.400 0.300 0.400 0.400 1.300 2.700
"Bradley Beal" SG 22 WAS 55 35 31.1 6.500 14.500 0.449 1.900 4.900 0.387 4.600 9.600 0.481 0.515 2.500 3.200 0.767 0.700 2.700 3.400 2.900 1.000 0.200 2.000 2.100 17.400
"Justin Holiday" SG 26 CHI 27 4 18.9 2.400 5.700 0.413 1.000 2.200 0.433 1.400 3.500 0.400 0.497 0.800 1.000 0.815 0.300 2.000 2.300 1.700 0.700 0.600 1.000 1.500 6.500
"Phil Pressey" PG 24 TOT 23 0 12.3 1.300 3.400 0.385 0.200 0.800 0.222 1.100 2.600 0.433 0.410 0.600 1.100 0.520 0.100 1.200 1.300 3.300 0.800 0.200 1.400 1.200 3.300
"Beno Udrih" PG 33 MEM 8 0 15 2.500 5.800 0.435 0.500 1.400 0.364 2.000 4.400 0.457 0.478 0.400 0.400 1.000 0.300 0.900 1.100 3.300 0.400 0.100 1.400 1.400 5.900
"Boris Diaw" PF 33 SAS 76 4 18.2 2.700 5.000 0.527 0.300 0.900 0.362 2.300 4.100 0.564 0.560 0.700 1.000 0.737 0.800 2.300 3.100 2.300 0.300 0.300 1.300 1.300 6.400
"Steve Blake" PG 35 DET 58 2 17 1.600 4.100 0.388 0.900 2.600 0.344 0.700 1.500 0.461 0.496 0.300 0.300 0.800 0.200 1.400 1.500 3.400 0.400 0.100 1.400 1.200 4.400
"Rajon Rondo" PG 29 SAC 72 72 35.2 4.900 10.900 0.454 0.900 2.400 0.365 4.100 8.500 0.479 0.494 1.200 2.100 0.580 1.100 5.000 6.000 11.700 2.000 0.100 3.900 2.400 11.900
"D.J. Augustin" PG 28 OKC 34 0 15.3 1.400 3.600 0.380 0.700 1.800 0.393 0.600 1.800 0.367 0.479 0.800 1.000 0.765 0.100 1.100 1.300 1.900 0.400 0.100 0.900 1.200 4.200
"Cameron Payne" PG 21 OKC 57 1 12.2 2.000 4.900 0.410 0.600 1.900 0.324 1.400 2.900 0.467 0.475 0.300 0.400 0.792 0.200 1.300 1.500 1.900 0.600 0.100 0.800 1.400 5.000
"Dante Cunningham" SF 28 NOP 80 46 24.6 2.300 5.200 0.451 0.700 2.200 0.316 1.600 3.000 0.550 0.518 0.700 1.000 0.695 0.700 2.200 3.000 1.000 0.500 0.400 0.500 2.200 6.100
"John Jenkins" SG 24 PHO 22 2 13 1.900 4.100 0.467 0.600 1.500 0.406 1.300 2.600 0.500 0.539 0.500 0.700 0.800 0.200 1.400 1.600 1.200 0.200 0.000 0.700 0.500 5.000
"Julius Randle" PF 21 LAL 81 60 28.2 4.400 10.300 0.429 0.100 0.400 0.278 4.300 9.900 0.436 0.435 2.400 3.300 0.715 2.100 8.100 10.200 1.800 0.700 0.400 1.800 3.000 11.300
"Cleanthony Early" SF 24 NYK 17 2 9.1 0.700 2.400 0.300 0.200 0.900 0.267 0.500 1.500 0.320 0.350 0.200 0.200 0.750 0.200 1.300 1.500 0.400 0.100 0.200 0.500 0.900 1.800
"James Ennis" SF 25 NOP 9 5 31.3 5.600 11.100 0.500 2.700 5.600 0.480 2.900 5.600 0.520 0.620 2.100 2.700 0.792 1.900 2.000 3.900 2.000 1.300 0.300 1.900 2.900 15.900
"James Young" SG 20 BOS 29 0 6.9 0.400 1.200 0.306 0.200 0.900 0.231 0.200 0.300 0.500 0.389 0.000 0.100 0.250 0.100 0.800 0.900 0.300 0.200 0.000 0.200 0.600 1.000
"Jrue Holiday" PG 25 NOP 65 23 28.2 6.300 14.400 0.439 1.300 4.000 0.336 5.000 10.400 0.478 0.485 2.800 3.300 0.843 0.400 2.600 3.000 6.000 1.400 0.300 2.600 2.300 16.800
"Jahlil Okafor" C 20 PHI 53 48 30 7.500 14.700 0.508 0.000 0.100 0.167 7.500 14.600 0.511 0.509 2.500 3.700 0.686 2.300 4.700 7.000 1.200 0.400 1.200 2.300 2.600 17.500
"Chris McCullough" PF 20 BRK 24 4 15.1 1.800 4.500 0.404 0.500 1.400 0.382 1.300 3.100 0.413 0.463 0.500 1.000 0.478 1.000 1.800 2.800 0.400 1.200 0.500 0.600 1.600 4.700
"Marcus Thornton" SG 28 HOU 47 6 18.8 3.700 9.300 0.400 1.600 4.600 0.338 2.100 4.700 0.461 0.484 1.100 1.200 0.879 0.700 1.800 2.400 1.400 0.700 0.100 0.900 1.600 10.000
"Brandon Knight" SG 24 PHO 52 50 36 7.100 17.200 0.415 2.300 6.800 0.342 4.800 10.500 0.461 0.482 3.000 3.500 0.852 0.700 3.200 3.900 5.100 1.200 0.400 3.400 2.400 19.600
"Gordon Hayward" SF 25 UTA 80 80 36.2 6.500 15.000 0.433 1.800 5.100 0.349 4.700 9.900 0.477 0.493 4.900 6.000 0.824 0.800 4.200 5.000 3.700 1.200 0.300 2.500 2.300 19.700
"Jordan McRae" PG 24 TOT 22 1 8.9 1.500 3.500 0.436 0.500 1.000 0.455 1.100 2.500 0.429 0.500 1.000 1.300 0.750 0.200 0.700 0.900 1.100 0.100 0.000 0.700 0.800 4.500
"Eric Bledsoe" PG 26 PHO 31 31 34.2 7.200 15.900 0.453 1.500 4.200 0.372 5.600 11.700 0.482 0.502 4.500 5.500 0.802 0.600 3.500 4.000 6.100 2.000 0.600 3.500 2.400 20.400
"Ricky Rubio" PG 25 MIN 76 76 30.6 2.900 7.700 0.374 0.800 2.500 0.326 2.100 5.200 0.396 0.427 3.500 4.100 0.847 0.500 3.800 4.300 8.700 2.100 0.100 2.500 2.600 10.100
"Ersan Ilyasova" PF 28 DET 52 52 27.6 4.200 9.800 0.425 1.500 4.100 0.363 2.700 5.600 0.471 0.502 1.500 2.100 0.725 1.900 3.500 5.400 1.100 0.700 0.500 1.100 2.300 11.300
"Michael Carter-Williams" PG 24 MIL 54 37 30.5 4.600 10.300 0.452 0.300 1.000 0.273 4.400 9.300 0.472 0.466 2.000 3.000 0.654 0.900 4.200 5.100 5.200 1.500 0.800 2.800 3.000 11.500
"Jordan Adams" SG 21 MEM 2 0 7.5 1.000 3.000 0.333 0.000 0.500 0.000 1.000 2.500 0.400 0.333 1.500 2.500 0.600 0.000 1.000 1.000 1.500 1.500 0.000 1.000 1.000 3.500
"Karl-Anthony Towns" C 20 MIN 82 82 32 7.600 14.100 0.542 0.400 1.100 0.341 7.300 13.000 0.559 0.555 2.700 3.400 0.811 2.800 7.700 10.500 2.000 0.700 1.700 2.200 3.000 18.300
"Jameer Nelson" PG 33 DEN 39 15 26.6 2.900 7.900 0.368 1.100 3.700 0.299 1.800 4.200 0.429 0.438 0.800 0.900 0.857 0.500 2.500 2.900 4.900 0.600 0.100 1.700 2.600 7.700
"Kyle Singler" SF 27 OKC 68 2 14.4 1.300 3.300 0.389 0.400 1.400 0.309 0.800 1.800 0.452 0.457 0.400 0.600 0.659 0.700 1.300 2.100 0.400 0.400 0.100 0.500 1.800 3.400
"Troy Daniels" SG 24 CHO 43 0 11.1 2.100 4.300 0.476 1.400 2.800 0.484 0.700 1.500 0.462 0.634 0.100 0.200 0.556 0.200 1.200 1.300 0.500 0.300 0.100 0.600 0.900 5.600
"Zaza Pachulia" C 31 DAL 76 69 26.4 2.900 6.200 0.466 0.000 0.000 0.000 2.900 6.100 0.469 0.466 2.800 3.600 0.768 3.300 6.200 9.400 1.700 0.800 0.300 1.600 2.400 8.600
"Jeff Green" SF 29 LAC 27 10 26.3 4.200 9.900 0.427 0.900 2.900 0.325 3.300 7.000 0.468 0.474 1.500 2.400 0.615 0.700 2.700 3.400 1.500 0.700 0.800 0.900 2.300 10.900
"R.J. Hunter" SG 22 BOS 36 0 8.8 1.000 2.700 0.367 0.500 1.800 0.302 0.500 1.000 0.486 0.464 0.200 0.200 0.857 0.100 1.000 1.000 0.400 0.400 0.100 0.300 0.800 2.700
"Danilo Gallinari" SF 27 DEN 53 53 34.7 5.400 13.200 0.410 1.600 4.500 0.364 3.800 8.700 0.434 0.472 7.100 8.200 0.868 1.000 4.300 5.300 2.500 0.800 0.400 1.500 1.600 19.500
"Raymond Felton" PG 31 DAL 80 31 27.4 3.500 8.500 0.406 0.800 2.700 0.282 2.700 5.900 0.463 0.450 1.900 2.200 0.847 0.500 2.800 3.200 3.600 0.900 0.200 1.500 1.800 9.500
"Justin Anderson" SF 22 DAL 55 9 11.8 1.300 3.200 0.406 0.400 1.500 0.265 0.900 1.700 0.533 0.469 0.800 1.000 0.800 0.300 2.100 2.400 0.500 0.300 0.500 0.400 0.800 3.800
"Patty Mills" PG 27 SAS 81 3 20.5 3.200 7.600 0.425 1.500 4.000 0.384 1.700 3.600 0.469 0.525 0.600 0.700 0.810 0.300 1.600 2.000 2.800 0.700 0.100 0.900 1.300 8.500
"P.J. Hairston" SF 23 TOT 66 52 19.9 2.200 6.200 0.355 1.100 3.700 0.290 1.100 2.500 0.449 0.441 0.800 1.000 0.781 0.400 2.300 2.600 0.600 0.500 0.200 0.600 2.100 6.200
"Kelly Oubre" SF 20 WAS 63 9 10.7 1.400 3.300 0.427 0.400 1.300 0.316 1.000 2.100 0.492 0.486 0.500 0.800 0.633 0.400 1.700 2.100 0.200 0.300 0.100 0.500 1.600 3.700
"David Lee" PF 32 BOS 30 4 15.7 2.900 6.400 0.453 0.000 0.000 0.000 2.900 6.400 0.455 0.453 1.300 1.700 0.784 1.400 3.000 4.300 1.800 0.400 0.400 1.300 1.700 7.100
"Willie Cauley-Stein" C 22 SAC 66 39 21.4 2.900 5.100 0.563 0.000 0.000 0.000 2.900 5.100 0.567 0.563 1.200 1.900 0.648 2.000 3.300 5.300 0.600 0.700 1.000 0.700 2.200 7.000
"Courtney Lee" SG 30 TOT 79 65 29.5 3.700 8.100 0.454 1.000 2.700 0.378 2.600 5.300 0.493 0.518 1.300 1.500 0.839 0.400 2.200 2.600 1.700 1.100 0.400 0.900 1.700 9.600
"Tayshaun Prince" SF 35 MIN 77 44 19 1.300 3.000 0.445 0.100 0.300 0.174 1.300 2.700 0.476 0.454 0.200 0.200 0.684 0.400 1.500 1.900 0.900 0.500 0.200 0.400 0.800 2.900
"Josh Smith" PF 30 TOT 55 7 16 2.300 6.300 0.364 0.700 2.600 0.287 1.600 3.700 0.417 0.423 0.700 1.200 0.552 0.900 2.600 3.500 1.600 0.600 0.900 1.400 2.100 6.000
"Kevin Martin" SG 32 SAS 16 1 16.3 1.900 5.300 0.353 0.700 2.100 0.333 1.200 3.300 0.365 0.418 1.800 1.900 0.933 0.300 1.600 1.800 0.800 0.600 0.100 0.800 0.900 6.200
"Joe Johnson" SF 34 BRK 57 57 33.9 4.300 10.700 0.406 1.500 4.000 0.371 2.800 6.600 0.427 0.476 1.600 1.900 0.852 0.600 3.300 3.900 4.100 0.700 0.000 2.000 1.800 11.800
"Alan Anderson" SG 33 WAS 13 0 14.8 1.600 4.500 0.356 0.900 2.800 0.324 0.700 1.700 0.409 0.458 0.800 1.200 0.733 0.100 2.000 2.100 1.100 0.300 0.100 0.200 1.900 5.000
"Damjan Rudez" SF 29 MIN 33 0 8.4 0.800 1.900 0.403 0.500 1.500 0.340 0.200 0.400 0.667 0.540 0.200 0.200 1.000 0.200 0.500 0.600 0.300 0.100 0.000 0.400 1.000 2.300
"Marreese Speights" C 28 GSW 72 0 11.6 2.700 6.300 0.432 0.300 0.900 0.387 2.400 5.500 0.439 0.458 1.300 1.600 0.825 1.100 2.300 3.300 0.800 0.300 0.500 0.900 1.600 7.100
"Vince Carter" SG 39 MEM 60 3 16.8 2.200 5.700 0.388 1.000 2.800 0.349 1.200 2.900 0.425 0.474 1.200 1.400 0.833 0.500 1.900 2.400 0.900 0.600 0.300 0.600 1.700 6.600
"Channing Frye" PF 32 ORL 44 29 17.1 1.800 4.200 0.435 1.100 2.800 0.397 0.800 1.500 0.508 0.565 0.400 0.500 0.905 0.500 2.700 3.200 1.000 0.500 0.500 0.700 1.600 5.200
"Trey Burke" PG 23 UTA 64 0 21.3 4.100 9.900 0.413 1.400 4.000 0.344 2.700 5.900 0.460 0.483 1.000 1.300 0.817 0.300 1.500 1.800 2.300 0.500 0.100 1.300 1.300 10.600
"Timofey Mozgov" C 29 CLE 76 48 17.4 2.700 4.700 0.565 0.000 0.100 0.143 2.700 4.600 0.574 0.567 0.900 1.300 0.716 1.400 3.000 4.400 0.400 0.300 0.800 0.900 2.100 6.300
"E'Twaun Moore" SG 26 CHI 59 22 21.4 3.200 6.600 0.481 0.800 1.800 0.452 2.400 4.800 0.491 0.541 0.400 0.600 0.629 0.300 1.900 2.300 1.700 0.600 0.300 0.900 1.700 7.500
"P.J. Hairston" SF 23 MEM 18 9 20.8 2.600 7.300 0.348 0.900 3.800 0.232 1.700 3.500 0.476 0.409 0.900 1.200 0.727 0.400 2.200 2.600 0.500 0.400 0.200 0.900 1.700 6.900
"Reggie Jackson" PG 25 DET 79 79 30.7 6.800 15.700 0.434 1.500 4.200 0.353 5.300 11.500 0.464 0.482 3.700 4.300 0.864 0.700 2.500 3.200 6.200 0.700 0.100 2.800 2.400 18.800
"Dion Waiters" SG 24 OKC 78 15 27.6 3.600 9.100 0.399 1.100 3.100 0.358 2.500 6.000 0.421 0.460 1.400 2.000 0.713 0.500 2.100 2.600 2.000 1.000 0.200 1.500 1.800 9.800
"Seth Curry" PG 25 SAC 44 9 15.7 2.300 5.100 0.455 1.100 2.500 0.450 1.200 2.600 0.460 0.567 1.000 1.200 0.833 0.200 1.200 1.400 1.500 0.500 0.100 0.800 0.900 6.800
"Jeff Withey" C 25 UTA 51 10 12.9 1.700 3.200 0.537 0.000 0.000 0.000 1.700 3.100 0.544 0.537 0.800 1.200 0.729 1.100 2.300 3.400 0.400 0.400 1.000 0.500 1.500 4.300
"Richaun Holmes" PF 22 PHI 51 1 13.8 2.200 4.400 0.514 0.200 0.900 0.182 2.100 3.500 0.596 0.532 1.000 1.500 0.689 1.200 1.400 2.600 0.600 0.400 0.800 0.600 1.800 5.600
"Kevin Martin" SG 32 MIN 39 12 21.4 3.200 8.600 0.377 1.000 2.600 0.369 2.300 5.900 0.381 0.434 3.200 3.600 0.880 0.300 1.800 2.100 1.200 0.400 0.000 1.100 1.700 10.600
"Brandon Jennings" PG 26 DET 23 1 18.1 2.300 6.200 0.371 1.000 3.300 0.312 1.300 2.900 0.439 0.455 1.200 1.700 0.711 0.200 1.800 2.000 3.000 0.500 0.100 1.000 1.000 6.800
"Serge Ibaka" PF 26 OKC 78 78 32.1 5.300 11.100 0.479 0.800 2.400 0.326 4.600 8.800 0.520 0.513 1.200 1.600 0.752 1.800 5.000 6.800 0.800 0.500 1.900 1.400 2.700 12.600
"Tibor Pleiss" C 26 UTA 12 0 6.8 0.900 2.100 0.440 0.000 0.200 0.000 0.900 1.900 0.478 0.440 0.200 0.200 1.000 0.500 0.800 1.300 0.200 0.100 0.200 0.700 1.600 2.000
"Josh McRoberts" PF 28 MIA 42 1 14.2 1.300 3.500 0.372 0.300 1.200 0.245 1.000 2.400 0.434 0.412 0.700 1.000 0.700 0.500 2.000 2.500 1.900 0.400 0.200 0.700 1.600 3.600
"Andre Miller" PG 39 SAS 13 4 13.9 1.800 3.700 0.479 0.100 0.300 0.250 1.700 3.400 0.500 0.490 0.700 1.000 0.692 0.500 1.600 2.100 2.200 0.500 0.000 0.900 1.100 4.300
"Ish Smith" PG 27 TOT 77 53 29.1 5.200 12.600 0.411 0.700 2.200 0.329 4.400 10.400 0.428 0.440 1.600 2.300 0.693 0.600 3.400 4.000 6.500 1.100 0.300 2.300 1.700 12.600
"Eric Gordon" SG 27 NOP 45 44 32.9 5.100 12.300 0.418 2.500 6.500 0.384 2.600 5.700 0.457 0.521 2.500 2.800 0.888 0.200 2.000 2.200 2.700 1.000 0.300 1.600 2.200 15.200
"Ray McCallum" PG 24 SAS 31 3 8.3 0.900 2.200 0.403 0.200 0.500 0.313 0.700 1.600 0.431 0.440 0.300 0.300 0.900 0.200 0.800 1.000 1.100 0.200 0.100 0.400 0.500 2.200
"Elton Brand" C 36 PHI 17 1 13.2 1.800 4.200 0.431 0.000 0.100 0.000 1.800 4.200 0.437 0.431 0.500 0.500 0.889 0.500 3.200 3.700 1.100 0.500 0.500 0.600 1.900 4.100
"Dwight Powell" PF 24 DAL 69 2 14.4 2.100 4.300 0.493 0.000 0.200 0.125 2.100 4.100 0.514 0.497 1.500 2.100 0.739 1.200 2.700 4.000 0.600 0.500 0.300 0.600 1.700 5.800
"Terry Rozier" PG 21 BOS 39 0 8 0.700 2.700 0.274 0.200 0.700 0.222 0.600 2.000 0.291 0.302 0.200 0.300 0.800 0.600 1.000 1.600 0.900 0.200 0.000 0.500 0.600 1.800
"Luc Mbah a Moute" PF 29 LAC 75 61 17 1.300 2.800 0.454 0.200 0.500 0.325 1.100 2.200 0.485 0.486 0.400 0.800 0.526 0.800 1.500 2.300 0.400 0.600 0.300 0.500 1.300 3.100
"Anthony Tolliver" PF 30 DET 72 5 18.6 1.800 4.600 0.386 1.400 3.800 0.360 0.400 0.800 0.500 0.533 0.400 0.700 0.617 0.500 2.600 3.200 0.700 0.400 0.200 0.400 1.200 5.300
"James Harden" SG 26 HOU 82 82 38.1 8.700 19.700 0.439 2.900 8.000 0.359 5.800 11.700 0.494 0.512 8.800 10.200 0.860 0.800 5.300 6.100 7.500 1.700 0.600 4.600 2.800 29.000
"Dennis Schroder" PG 22 ATL 80 6 20.3 4.100 9.800 0.421 1.000 3.000 0.322 3.200 6.800 0.465 0.471 1.800 2.300 0.791 0.300 2.200 2.600 4.400 0.900 0.100 2.300 1.700 11.000
"Aaron Brooks" PG 31 CHI 69 0 16.1 2.700 6.800 0.401 1.000 2.700 0.357 1.800 4.100 0.430 0.471 0.700 0.900 0.766 0.300 1.200 1.500 2.600 0.400 0.100 1.200 1.900 7.100
"Garrett Temple" SF 29 WAS 80 43 24.4 2.500 6.300 0.398 1.100 3.200 0.345 1.400 3.100 0.453 0.486 1.100 1.600 0.728 0.500 2.200 2.700 1.800 0.900 0.200 0.800 2.400 7.300
"Kobe Bryant" SF 37 LAL 66 66 28.2 6.000 16.900 0.358 2.000 7.100 0.285 4.000 9.800 0.410 0.417 3.500 4.300 0.826 0.600 3.100 3.700 2.800 0.900 0.200 2.000 1.700 17.600
"Justise Winslow" SF 19 MIA 78 8 28.6 2.500 5.900 0.422 0.400 1.500 0.276 2.100 4.400 0.471 0.457 1.000 1.500 0.684 1.000 4.100 5.200 1.500 0.900 0.300 1.200 2.400 6.400
"DeMar DeRozan" SG 26 TOR 78 78 35.9 7.900 17.700 0.446 0.600 1.800 0.338 7.300 15.900 0.458 0.463 7.100 8.400 0.850 0.800 3.700 4.500 4.000 1.000 0.300 2.200 2.100 23.500
"Enes Kanter" C 23 OKC 82 1 21 5.000 8.800 0.576 0.100 0.300 0.476 4.900 8.500 0.579 0.583 2.400 3.100 0.797 3.000 5.100 8.100 0.400 0.300 0.400 1.400 2.000 12.700
"Kentavious Caldwell-Pope" SG 22 DET 76 76 36.7 5.300 12.600 0.420 1.500 4.900 0.309 3.800 7.800 0.489 0.479 2.400 3.000 0.811 0.900 2.800 3.700 1.800 1.400 0.200 1.400 2.200 14.500
"Briante Weber" PG 23 TOT 7 4 24.1 2.000 5.600 0.359 0.000 0.700 0.000 2.000 4.900 0.412 0.359 0.400 0.600 0.750 1.100 2.400 3.600 3.000 1.300 0.400 1.300 1.700 4.400
"Al-Farouq Aminu" SF 25 POR 82 82 28.5 3.600 8.800 0.416 1.500 4.300 0.361 2.100 4.500 0.468 0.503 1.400 1.900 0.737 1.200 4.900 6.100 1.700 0.900 0.600 1.500 2.100 10.200
"Mike Scott" PF 27 ATL 75 0 15.3 2.300 5.000 0.468 0.800 2.100 0.392 1.500 2.900 0.523 0.551 0.700 0.800 0.794 0.700 2.000 2.700 1.000 0.300 0.200 0.600 1.400 6.200
"Andre Drummond" C 22 DET 81 81 32.9 6.800 13.100 0.521 0.000 0.100 0.333 6.800 13.000 0.522 0.522 2.600 7.200 0.355 4.900 9.900 14.800 0.800 1.500 1.400 1.900 3.000 16.200
"Amir Johnson" PF 28 BOS 79 76 22.8 3.200 5.400 0.585 0.100 0.500 0.233 3.000 4.800 0.624 0.596 0.900 1.500 0.570 2.300 4.100 6.400 1.700 0.700 1.100 1.200 2.700 7.300
"Kevin Martin" SG 32 TOT 55 13 19.9 2.800 7.600 0.372 0.900 2.500 0.360 1.900 5.100 0.378 0.431 2.800 3.100 0.890 0.300 1.700 2.000 1.100 0.500 0.100 1.000 1.500 9.300
"Archie Goodwin" PG 21 PHO 57 13 19.5 3.100 7.400 0.417 0.400 1.700 0.232 2.700 5.700 0.474 0.444 2.300 3.400 0.674 0.500 2.000 2.500 2.100 0.500 0.200 1.800 1.500 8.900
"Kendall Marshall" PG 24 PHI 30 6 13.3 1.400 3.900 0.364 0.500 1.600 0.327 0.900 2.300 0.391 0.432 0.300 0.400 0.692 0.100 0.900 0.900 2.400 0.500 0.100 1.400 1.000 3.700
"Chris Andersen" C 37 TOT 27 15 14.9 1.400 2.700 0.528 0.100 0.500 0.286 1.300 2.100 0.586 0.556 0.900 1.300 0.694 1.300 2.300 3.600 0.400 0.600 0.500 0.300 1.100 3.900
"Tim Frazier" PG 25 TOT 51 2 14.5 1.900 4.500 0.419 0.300 0.900 0.333 1.600 3.500 0.442 0.454 1.000 1.500 0.716 0.500 1.600 2.200 3.200 0.600 0.000 1.300 1.400 5.100
"Chris Andersen" C 37 MIA 7 1 5.1 0.600 1.400 0.400 0.300 0.700 0.400 0.300 0.700 0.400 0.500 0.400 0.600 0.750 0.400 0.900 1.300 0.400 0.100 0.400 0.300 0.600 1.900
"Justin Holiday" SG 26 TOT 53 5 14.6 1.700 4.300 0.386 0.700 2.000 0.343 1.000 2.300 0.423 0.465 0.500 0.700 0.730 0.200 1.500 1.700 1.100 0.600 0.400 0.700 1.200 4.500
"Nik Stauskas" SG 22 PHI 73 35 24.8 2.900 7.500 0.385 1.500 4.500 0.326 1.400 3.000 0.473 0.483 1.200 1.600 0.771 0.300 2.200 2.500 1.900 0.600 0.300 1.300 1.600 8.500
"Lamar Patterson" SG 24 ATL 35 0 11.3 0.800 2.300 0.350 0.300 1.400 0.245 0.500 0.900 0.516 0.425 0.500 0.600 0.727 0.100 1.300 1.400 1.100 0.300 0.100 0.700 1.300 2.400
"Shelvin Mack" PG 25 UTA 28 27 31.4 5.100 11.400 0.444 1.300 3.500 0.357 3.800 7.900 0.482 0.498 1.300 1.800 0.735 0.400 3.400 3.800 5.300 0.900 0.100 2.900 2.300 12.700
"Dwight Howard" C 30 HOU 71 71 32.1 5.200 8.500 0.620 0.000 0.100 0.000 5.200 8.400 0.626 0.620 3.300 6.700 0.489 3.400 8.400 11.800 1.400 1.000 1.600 2.300 3.100 13.700
"Brandon Jennings" PG 26 ORL 25 6 18.1 2.400 6.400 0.366 1.100 3.100 0.346 1.300 3.300 0.386 0.450 1.200 1.600 0.750 0.400 1.600 2.000 4.000 0.700 0.200 1.400 1.300 7.000
"Shabazz Muhammad" SF 23 MIN 82 0 20.5 3.900 8.300 0.465 0.500 1.900 0.289 3.300 6.500 0.516 0.498 2.300 3.000 0.764 1.200 2.000 3.300 0.600 0.300 0.100 0.900 1.100 10.500
"Matt Bonner" C 35 SAS 30 2 6.9 1.000 1.900 0.509 0.500 1.100 0.441 0.500 0.800 0.609 0.640 0.100 0.100 0.750 0.100 0.800 0.900 0.300 0.200 0.000 0.100 0.500 2.500
"Randy Foye" SG 32 TOT 81 8 20.3 2.100 6.000 0.351 0.900 3.100 0.300 1.200 2.900 0.405 0.428 0.800 0.900 0.824 0.300 1.600 1.900 2.000 0.500 0.400 1.100 1.600 5.900
"Ersan Ilyasova" PF 28 ORL 22 4 20.3 2.900 7.000 0.418 0.800 2.000 0.409 2.100 5.000 0.422 0.477 1.500 2.000 0.711 2.000 3.500 5.500 0.500 0.600 0.300 0.500 2.300 8.100
"Thomas Robinson" PF 24 BRK 71 7 12.9 1.800 4.100 0.447 0.000 0.000 0.000 1.800 4.100 0.448 0.447 0.700 1.500 0.431 1.900 3.100 5.100 0.600 0.500 0.500 1.000 1.600 4.300
"Marvin Williams" PF 29 CHO 81 81 28.9 4.200 9.200 0.452 1.900 4.700 0.402 2.300 4.600 0.504 0.554 1.500 1.800 0.833 1.600 4.900 6.400 1.400 0.700 1.000 0.800 1.600 11.700
"Markel Brown" SG 24 BRK 62 6 15.8 2.000 5.200 0.394 0.600 2.000 0.314 1.400 3.200 0.443 0.453 1.100 1.500 0.755 0.400 1.600 2.000 1.500 0.600 0.200 0.900 1.500 5.900
"C.J. Miles" SF 28 IND 64 24 22.9 4.000 9.900 0.409 2.200 6.000 0.367 1.800 3.900 0.474 0.521 1.500 1.900 0.750 0.400 2.300 2.700 1.000 0.800 0.500 1.100 2.200 11.800
"Josh Richardson" SG 22 MIA 52 2 21.3 2.400 5.200 0.452 1.000 2.200 0.461 1.300 3.000 0.446 0.550 0.800 1.200 0.667 0.400 1.700 2.100 1.400 0.700 0.500 0.700 2.100 6.600
"Luis Scola" PF 35 TOR 76 76 21.5 3.500 7.900 0.450 0.900 2.100 0.404 2.700 5.800 0.467 0.504 0.800 1.100 0.726 1.100 3.600 4.700 0.900 0.600 0.400 0.900 2.300 8.700
"Derrick Williams" SF 24 NYK 80 9 17.9 3.200 7.100 0.450 0.600 1.900 0.293 2.600 5.200 0.506 0.488 2.400 3.200 0.758 0.600 3.100 3.700 0.900 0.400 0.100 0.800 0.900 9.300
"Stanley Johnson" SF 19 DET 73 6 23.1 3.100 8.200 0.375 0.900 2.800 0.307 2.200 5.400 0.410 0.428 1.100 1.400 0.784 0.800 3.400 4.200 1.600 0.800 0.200 1.600 2.400 8.100
"Ty Lawson" PG 28 HOU 53 12 22.2 2.100 5.400 0.387 0.600 1.800 0.330 1.500 3.600 0.415 0.441 1.100 1.500 0.700 0.400 1.300 1.700 3.400 0.800 0.100 1.500 1.300 5.800
"Corey Brewer" SF 29 HOU 82 12 20.4 2.600 6.700 0.384 0.700 2.700 0.272 1.800 4.000 0.460 0.439 1.300 1.700 0.750 0.500 1.900 2.400 1.300 1.000 0.200 1.000 2.000 7.200
"Shelvin Mack" PG 25 TOT 52 27 20.3 3.500 8.000 0.439 0.800 2.400 0.312 2.800 5.600 0.493 0.486 0.900 1.200 0.738 0.300 2.200 2.500 3.600 0.700 0.100 1.800 1.400 8.600
"Beno Udrih" PG 33 TOT 44 5 16.1 2.000 4.500 0.434 0.300 1.000 0.341 1.600 3.500 0.461 0.472 0.400 0.500 0.900 0.200 1.500 1.600 2.600 0.300 0.000 1.200 1.200 4.700
"Joe Johnson" SF 34 MIA 24 24 32 5.400 10.500 0.518 1.500 3.500 0.417 4.000 7.000 0.569 0.588 1.100 1.400 0.765 0.600 2.200 2.800 3.600 0.900 0.100 1.800 1.900 13.400
"Mo Williams" PG 33 CLE 41 14 18.2 3.200 7.400 0.437 0.900 2.500 0.353 2.300 4.900 0.480 0.497 0.900 1.000 0.905 0.100 1.600 1.800 2.400 0.300 0.100 1.400 1.500 8.200
"Jordan Hill" C 28 IND 73 11 20.7 3.800 7.500 0.506 0.000 0.000 0.000 3.800 7.500 0.507 0.506 1.200 1.700 0.712 2.100 4.000 6.200 1.200 0.500 0.500 1.300 2.100 8.800
"Patrick Patterson" PF 26 TOR 79 0 25.6 2.600 6.200 0.414 1.300 3.700 0.362 1.200 2.500 0.490 0.521 0.400 0.400 0.853 1.000 3.400 4.300 1.200 0.700 0.400 0.800 1.600 6.900
"Metta World Peace" SF 36 LAL 35 5 16.9 1.600 5.100 0.311 0.700 2.400 0.310 0.800 2.700 0.312 0.384 1.100 1.600 0.702 0.500 2.000 2.500 0.800 0.600 0.300 0.400 1.900 5.000
"Chris Bosh" PF 31 MIA 53 53 33.5 6.800 14.500 0.467 1.500 4.200 0.365 5.200 10.300 0.508 0.520 4.000 5.100 0.795 0.900 6.500 7.400 2.400 0.700 0.600 1.500 1.900 19.100
"DeMarre Carroll" SF 29 TOR 26 22 30.2 4.000 10.400 0.389 1.800 4.500 0.390 2.300 5.800 0.388 0.474 1.200 1.900 0.600 1.200 3.500 4.700 1.000 1.700 0.200 1.100 2.400 11.000
"Leandro Barbosa" SG 33 GSW 68 0 15.9 2.500 5.400 0.462 0.600 1.600 0.355 1.900 3.800 0.508 0.515 0.800 0.900 0.839 0.400 1.300 1.700 1.200 0.600 0.100 0.800 1.600 6.400
"Paul Pierce" SF 38 LAC 68 38 18.1 2.100 5.800 0.363 1.100 3.600 0.310 1.000 2.300 0.445 0.457 0.800 1.000 0.818 0.200 2.600 2.700 1.000 0.500 0.300 0.900 1.900 6.100
"LaMarcus Aldridge" PF 30 SAS 74 74 30.6 7.200 14.100 0.513 0.000 0.200 0.000 7.200 13.900 0.521 0.513 3.500 4.100 0.858 2.400 6.200 8.500 1.500 0.500 1.100 1.300 2.000 18.000
"Jordan McRae" PG 24 PHO 7 0 11.7 1.600 3.700 0.423 0.400 1.600 0.273 1.100 2.100 0.533 0.481 1.700 2.100 0.800 0.300 0.900 1.100 1.400 0.400 0.000 0.900 1.000 5.300
"Jarrett Jack" PG 32 BRK 32 32 32.1 4.400 11.200 0.391 1.000 3.200 0.304 3.400 8.000 0.426 0.434 3.100 3.500 0.893 0.300 4.000 4.300 7.400 1.100 0.200 2.900 2.400 12.800
"Andre Miller" PG 39 TOT 39 4 11.8 1.500 2.700 0.557 0.100 0.200 0.250 1.500 2.500 0.582 0.566 0.600 0.800 0.750 0.300 1.000 1.300 2.200 0.400 0.000 0.900 1.200 3.700
"Tony Allen" SG 34 MEM 64 57 25.3 3.400 7.300 0.458 0.200 0.700 0.357 3.100 6.700 0.468 0.474 1.400 2.200 0.652 1.600 3.000 4.600 1.100 1.700 0.300 1.200 2.700 8.400
"Channing Frye" PF-C 32 TOT 70 32 17.1 2.200 5.000 0.438 1.300 3.400 0.387 0.900 1.600 0.545 0.569 0.400 0.500 0.857 0.500 2.800 3.300 1.000 0.400 0.400 0.600 1.800 6.100
"J.R. Smith" SG 30 CLE 77 77 30.7 4.600 11.000 0.415 2.600 6.600 0.400 1.900 4.400 0.438 0.535 0.600 0.900 0.634 0.600 2.300 2.800 1.700 1.100 0.300 0.800 2.600 12.400
"Randy Foye" SG 32 DEN 54 7 19.8 2.200 6.200 0.351 0.900 3.100 0.296 1.200 3.000 0.409 0.426 0.700 0.900 0.830 0.300 1.600 1.900 2.100 0.500 0.300 1.100 1.500 6.000
"J.J. Hickson" C 27 TOT 35 9 12.5 2.300 4.400 0.516 0.000 0.000 0.000 2.300 4.400 0.519 0.516 1.300 2.900 0.447 1.100 2.700 3.800 0.700 0.400 0.400 0.700 1.300 5.900
"James Ennis" SF 25 TOT 22 5 15 2.500 5.100 0.478 1.200 2.600 0.448 1.300 2.500 0.509 0.593 1.100 1.500 0.735 1.000 1.000 1.900 1.000 0.700 0.200 0.900 1.300 7.200
"D.J. Augustin" PG 28 DEN 28 0 23.5 3.600 8.200 0.445 1.600 3.800 0.411 2.100 4.400 0.475 0.541 2.800 3.400 0.819 0.100 1.800 1.900 4.700 0.900 0.100 1.900 1.600 11.600
"Jimmy Butler" SG 26 CHI 67 67 36.9 7.000 15.400 0.454 1.000 3.100 0.312 6.100 12.400 0.489 0.485 5.900 7.100 0.832 1.200 4.200 5.300 4.800 1.600 0.600 2.000 1.900 20.900
"D.J. Augustin" PG 28 TOT 62 0 19 2.400 5.600 0.423 1.100 2.700 0.405 1.300 2.900 0.440 0.520 1.700 2.100 0.805 0.100 1.400 1.500 3.200 0.600 0.100 1.400 1.400 7.500
"Aaron Harrison" SG 21 CHO 21 0 4.4 0.200 0.900 0.263 0.100 0.500 0.300 0.100 0.400 0.222 0.342 0.200 0.600 0.417 0.200 0.500 0.700 0.100 0.300 0.000 0.200 0.500 0.900
"Ryan Anderson" PF 27 NOP 66 7 30.4 6.000 14.100 0.427 2.000 5.400 0.366 4.000 8.700 0.466 0.498 3.000 3.500 0.873 2.000 4.000 6.000 1.100 0.600 0.400 1.400 1.700 17.000
"Markieff Morris" PF 26 PHO 37 24 24.8 4.600 11.600 0.397 0.600 2.100 0.289 4.000 9.600 0.420 0.422 1.800 2.500 0.717 1.200 4.100 5.200 2.400 0.900 0.500 2.400 2.800 11.600
"Ray McCallum" PG 24 TOT 41 6 11.6 1.300 3.600 0.377 0.400 1.000 0.357 1.000 2.500 0.385 0.428 0.300 0.400 0.800 0.200 1.000 1.100 1.500 0.300 0.200 0.600 0.700 3.300
"Reggie Bullock" SF 24 DET 37 0 11.6 1.200 2.600 0.439 0.600 1.400 0.415 0.600 1.200 0.467 0.551 0.400 0.400 0.933 0.400 1.500 1.800 0.700 0.300 0.100 0.200 0.800 3.300
"Kevin Seraphin" C 26 NYK 48 0 11 1.800 4.300 0.410 0.000 0.000 0.000 1.800 4.200 0.414 0.410 0.400 0.500 0.826 0.600 2.000 2.600 1.000 0.200 0.800 0.900 1.400 3.900
"J.J. Redick" SG 31 LAC 75 75 28 5.600 11.700 0.480 2.700 5.600 0.475 3.000 6.100 0.484 0.593 2.400 2.700 0.888 0.100 1.700 1.900 1.400 0.600 0.100 1.000 1.800 16.300
"Mario Chalmers" PG 29 MEM 55 7 22.8 3.100 7.500 0.417 0.800 2.500 0.326 2.300 5.000 0.464 0.472 3.700 4.500 0.827 0.400 2.200 2.600 3.800 1.500 0.200 1.800 3.000 10.800
"Christian Wood" PF 20 PHI 17 0 8.5 1.300 3.100 0.415 0.200 0.600 0.364 1.100 2.500 0.429 0.453 0.800 1.200 0.619 0.800 1.500 2.200 0.200 0.300 0.400 0.100 0.600 3.600
"Kristaps Porzingis" PF 20 NYK 72 72 28.4 5.200 12.300 0.421 1.100 3.400 0.333 4.100 8.900 0.454 0.467 2.800 3.300 0.838 1.800 5.500 7.300 1.300 0.700 1.900 1.700 2.800 14.300
"Thaddeus Young" PF 27 BRK 73 73 33 6.800 13.200 0.514 0.100 0.400 0.233 6.700 12.800 0.523 0.518 1.400 2.200 0.644 2.400 6.600 9.000 1.800 1.500 0.500 1.900 2.500 15.100
"John Wall" PG 25 WAS 77 77 36.2 7.400 17.500 0.424 1.500 4.300 0.351 5.900 13.300 0.448 0.467 3.500 4.500 0.791 0.500 4.400 4.900 10.200 1.900 0.800 4.100 2.100 19.900
"Evan Turner" SG 27 BOS 81 12 28 4.200 9.300 0.456 0.200 1.000 0.241 4.000 8.300 0.482 0.469 1.800 2.200 0.827 0.600 4.300 4.900 4.400 1.000 0.300 2.100 1.700 10.500
"Jerami Grant" SF 21 PHI 77 52 26.8 3.300 7.800 0.419 0.500 1.900 0.240 2.800 5.900 0.477 0.448 2.800 4.200 0.658 1.300 3.400 4.700 1.800 0.700 1.600 1.400 2.800 9.700
"Sonny Weems" SF 29 PHI 7 0 11.1 1.000 3.000 0.333 0.300 1.300 0.222 0.700 1.700 0.417 0.381 0.100 0.300 0.500 0.100 1.600 1.700 0.300 0.000 0.000 0.600 1.000 2.400
"Kostas Papanikolaou" SF 25 DEN 26 6 11.3 0.900 2.500 0.364 0.400 1.200 0.313 0.500 1.300 0.412 0.439 0.300 0.500 0.643 0.300 1.200 1.500 0.600 0.500 0.200 0.800 0.900 2.600
"Donald Sloan" PG 28 BRK 61 33 21.6 2.500 5.700 0.440 0.600 1.600 0.384 1.900 4.100 0.462 0.494 1.300 1.700 0.750 0.300 2.600 2.800 4.400 0.500 0.100 1.300 1.200 7.000
"Ish Smith" PG 27 PHI 50 50 32.4 6.000 14.800 0.405 0.900 2.700 0.336 5.100 12.000 0.420 0.436 1.800 2.700 0.669 0.600 3.700 4.300 7.000 1.300 0.400 2.600 1.900 14.700
"Jonas Jerebko" PF 28 BOS 78 0 15.1 1.500 3.700 0.413 0.600 1.400 0.398 1.000 2.300 0.421 0.488 0.800 1.000 0.782 1.000 2.700 3.700 0.800 0.300 0.300 0.700 1.800 4.400
"Trevor Booker" PF 28 UTA 79 2 20.7 2.400 4.900 0.490 0.200 0.500 0.293 2.300 4.400 0.513 0.505 0.900 1.300 0.670 2.100 3.600 5.700 1.100 0.700 0.500 1.000 2.100 5.900
"LeBron James" SF 31 CLE 76 76 35.6 9.700 18.600 0.520 1.100 3.700 0.309 8.600 14.900 0.573 0.551 4.700 6.500 0.731 1.500 6.000 7.400 6.800 1.400 0.600 3.300 1.900 25.300
"Jeff Teague" PG 27 ATL 79 78 28.5 5.500 12.500 0.439 1.400 3.500 0.400 4.100 9.000 0.454 0.495 3.300 3.900 0.837 0.400 2.300 2.700 5.900 1.200 0.300 2.800 2.100 15.700
"Tony Snell" SF 24 CHI 64 33 20.3 2.000 5.300 0.372 0.900 2.400 0.361 1.100 2.900 0.380 0.454 0.500 0.500 0.909 0.300 2.800 3.100 1.000 0.300 0.300 0.800 1.600 5.300
"Erick Green" PG 24 TOT 9 0 4.7 0.600 1.400 0.385 0.100 0.600 0.200 0.400 0.900 0.500 0.423 0.200 0.200 1.000 0.300 0.300 0.700 0.300 0.100 0.000 0.000 0.400 1.400
"Luol Deng" PF 30 MIA 74 73 32.4 4.600 10.100 0.455 1.200 3.500 0.344 3.400 6.600 0.513 0.514 2.000 2.600 0.755 1.500 4.500 6.000 1.900 1.000 0.400 1.100 1.600 12.300
"Mitch McGary" PF 23 OKC 20 0 3.6 0.600 1.200 0.478 0.000 0.200 0.000 0.600 1.000 0.579 0.478 0.200 0.500 0.400 0.200 0.700 0.900 0.200 0.100 0.100 0.400 0.500 1.300
"Chase Budinger" SF 27 PHO 17 0 11.8 1.400 2.600 0.511 0.200 1.000 0.235 1.100 1.600 0.679 0.556 0.300 0.500 0.625 0.700 1.000 1.700 0.900 0.200 0.100 0.800 0.900 3.200
"Mike Muscala" C 24 ATL 60 0 9.4 1.300 2.500 0.500 0.200 0.700 0.308 1.100 1.900 0.566 0.539 0.500 0.700 0.795 0.600 1.300 2.000 0.600 0.200 0.500 0.500 1.200 3.300
"Tobias Harris" PF 23 ORL 49 49 32.9 5.100 11.000 0.464 1.000 3.100 0.311 4.200 8.000 0.523 0.507 2.400 3.100 0.784 1.400 5.500 7.000 2.000 1.000 0.600 1.600 1.900 13.700
"Rashad Vaughn" SG 19 MIL 70 6 14.3 1.200 3.800 0.305 0.600 2.100 0.293 0.500 1.700 0.319 0.385 0.200 0.200 0.800 0.200 1.100 1.300 0.600 0.400 0.200 0.400 1.000 3.100
"Mirza Teletovic" PF 30 PHO 79 1 21.3 4.200 9.800 0.427 2.300 5.800 0.393 1.900 4.000 0.476 0.544 1.500 2.000 0.774 0.700 3.100 3.800 1.100 0.400 0.300 1.100 2.000 12.200
"Brandon Rush" SG 30 GSW 72 25 14.7 1.500 3.600 0.427 0.900 2.200 0.414 0.600 1.400 0.447 0.552 0.300 0.400 0.643 0.300 2.200 2.500 0.800 0.300 0.300 0.500 0.800 4.200
"Pat Connaughton" SG 23 POR 34 0 4.2 0.400 1.400 0.265 0.100 0.600 0.238 0.200 0.800 0.286 0.316 0.100 0.100 1.000 0.300 0.600 0.900 0.300 0.100 0.000 0.300 0.200 1.100
"Shayne Whittington" PF 24 IND 7 0 5.9 0.700 1.600 0.455 0.000 0.300 0.000 0.700 1.300 0.556 0.455 0.100 0.300 0.500 0.700 1.000 1.700 0.400 0.100 0.100 0.700 1.000 1.600
"Paul Millsap" PF 30 ATL 81 81 32.7 6.200 13.200 0.470 0.900 2.900 0.319 5.300 10.300 0.512 0.505 3.800 5.000 0.757 2.400 6.600 9.000 3.300 1.800 1.700 2.400 2.900 17.100
"Allen Crabbe" SG 23 POR 81 8 26 3.800 8.400 0.459 1.400 3.500 0.393 2.500 4.900 0.506 0.541 1.200 1.400 0.867 0.300 2.300 2.700 1.200 0.800 0.200 0.800 2.400 10.300
"Jarell Martin" PF 21 MEM 27 0 14.1 2.000 4.300 0.466 0.000 0.100 0.000 2.000 4.200 0.474 0.466 1.700 2.300 0.726 1.400 1.700 3.200 0.600 0.300 0.300 0.700 2.100 5.700
"Beno Udrih" PG 33 MIA 36 5 16.3 1.800 4.200 0.434 0.300 0.900 0.333 1.500 3.300 0.462 0.470 0.400 0.500 0.882 0.200 1.600 1.800 2.500 0.300 0.000 1.200 1.100 4.400
"Ray McCallum" PG 24 MEM 10 3 21.9 2.800 7.900 0.354 1.000 2.600 0.385 1.800 5.300 0.340 0.418 0.300 0.500 0.600 0.200 1.400 1.600 2.700 0.700 0.300 1.300 1.500 6.900
"David Lee" PF 32 TOT 55 5 16.4 3.200 6.100 0.531 0.000 0.000 0.000 3.200 6.100 0.533 0.531 1.300 1.700 0.763 1.800 3.700 5.500 1.500 0.400 0.500 1.200 2.100 7.800
"Robert Covington" SF 25 PHI 67 49 28.4 4.100 10.600 0.385 2.500 7.200 0.353 1.600 3.400 0.452 0.504 2.100 2.600 0.791 1.000 5.300 6.300 1.400 1.600 0.600 2.100 3.500 12.800
"Trevor Ariza" SF 30 HOU 81 81 35.3 4.400 10.600 0.416 2.300 6.200 0.371 2.100 4.400 0.478 0.523 1.600 2.000 0.783 0.800 3.700 4.500 2.300 2.000 0.300 1.400 2.200 12.700
"Carl Landry" PF 32 PHI 36 12 15.8 3.900 6.900 0.556 0.200 0.400 0.462 3.700 6.600 0.561 0.568 1.900 2.500 0.736 1.400 2.700 4.100 0.900 0.300 0.300 0.600 1.900 9.800
"Nene Hilario" PF 33 WAS 57 11 19.2 3.700 6.700 0.544 0.000 0.100 0.000 3.700 6.700 0.549 0.544 1.900 3.200 0.578 0.900 3.600 4.500 1.700 0.900 0.500 1.300 2.700 9.200
"Langston Galloway" PG 24 NYK 82 7 24.8 2.800 7.200 0.393 0.900 2.700 0.344 1.900 4.400 0.423 0.458 1.000 1.400 0.754 0.500 3.000 3.500 2.500 0.900 0.300 0.700 2.200 7.600
"Marcin Gortat" C 31 WAS 75 74 30.1 5.800 10.200 0.567 0.000 0.000 0.000 5.800 10.200 0.567 0.567 1.900 2.800 0.705 3.000 6.900 9.900 1.400 0.600 1.300 1.600 2.600 13.500
"Alonzo Gee" SF 28 NOP 73 38 22.4 1.800 3.500 0.518 0.200 0.800 0.283 1.600 2.700 0.590 0.551 0.600 0.900 0.667 0.800 2.500 3.400 1.000 0.900 0.200 0.800 2.300 4.500
"Orlando Johnson" SG 26 TOT 7 1 14.4 1.300 4.900 0.265 0.300 1.400 0.200 1.000 3.400 0.292 0.294 0.900 1.100 0.750 0.600 1.600 2.100 0.300 0.400 0.400 0.600 1.300 3.700
"David West" PF 35 SAS 78 19 18 3.100 5.700 0.545 0.000 0.100 0.429 3.100 5.700 0.546 0.548 0.800 1.000 0.788 0.900 3.000 4.000 1.800 0.600 0.700 0.900 1.800 7.100
"JaMychal Green" PF 25 MEM 78 15 18.5 2.900 6.300 0.465 0.200 0.600 0.333 2.800 5.800 0.478 0.480 1.300 1.800 0.752 1.800 3.000 4.800 0.900 0.600 0.400 1.100 2.400 7.400
"Norris Cole" PG 27 NOP 45 23 26.6 4.400 10.800 0.405 0.700 2.300 0.324 3.600 8.500 0.427 0.439 1.200 1.400 0.800 0.200 3.100 3.400 3.700 0.800 0.100 1.700 2.300 10.600
"Richard Jefferson" SF 35 CLE 74 5 17.9 1.900 4.200 0.458 0.900 2.300 0.382 1.000 1.900 0.554 0.564 0.800 1.200 0.667 0.200 1.500 1.700 0.800 0.400 0.200 0.600 1.700 5.500
"Shane Larkin" PG 23 BRK 78 17 22.4 2.800 6.400 0.442 0.500 1.400 0.361 2.300 5.100 0.464 0.481 1.100 1.400 0.776 0.400 1.900 2.300 4.400 1.200 0.200 1.900 1.600 7.300
"Alec Burks" SG 24 UTA 31 3 25.7 4.400 10.800 0.410 1.000 2.500 0.405 3.400 8.200 0.412 0.458 3.400 4.500 0.752 0.500 3.000 3.500 2.000 0.600 0.100 1.600 2.300 13.300
"C.J. McCollum" SG 24 POR 80 80 34.8 8.000 17.900 0.448 2.500 5.900 0.417 5.600 12.000 0.463 0.517 2.300 2.800 0.827 0.600 2.700 3.200 4.300 1.200 0.300 2.500 2.300 20.800
"Phil Pressey" PG 24 PHI 14 0 12.1 1.500 3.900 0.382 0.300 0.900 0.308 1.200 3.000 0.405 0.418 0.600 1.300 0.500 0.000 1.600 1.600 3.300 0.800 0.100 1.400 1.000 3.900
"Jimmer Fredette" SG 26 TOT 6 0 3 0.300 0.800 0.400 0.200 0.300 0.500 0.200 0.500 0.333 0.500 0.700 0.800 0.800 0.000 0.000 0.000 0.200 0.200 0.000 0.300 0.300 1.500
"Stephen Curry" PG 27 GSW 79 79 34.2 10.200 20.200 0.504 5.100 11.200 0.454 5.100 9.000 0.566 0.630 4.600 5.100 0.908 0.900 4.600 5.400 6.700 2.100 0.200 3.300 2.000 30.100
"Zach Randolph" PF 34 MEM 68 53 29.6 6.300 13.300 0.475 0.100 0.400 0.231 6.300 13.000 0.482 0.479 2.500 3.200 0.796 2.600 5.100 7.800 2.100 0.600 0.200 1.500 2.100 15.300
"Arron Afflalo" SG 30 NYK 71 57 33.4 5.000 11.300 0.443 1.300 3.400 0.382 3.700 7.900 0.469 0.500 1.500 1.800 0.840 0.300 3.400 3.700 2.000 0.400 0.100 1.200 2.000 12.800
"JaKarr Sampson" SF 22 PHI 47 18 14.7 1.800 4.300 0.426 0.100 0.700 0.176 1.700 3.600 0.476 0.441 1.300 2.100 0.639 0.600 2.100 2.700 0.600 0.200 0.300 1.100 1.900 5.100
"Keith Appling" PG 23 ORL 5 0 5.4 0.400 1.600 0.250 0.000 0.600 0.000 0.400 1.000 0.400 0.250 0.400 0.400 1.000 0.000 0.200 0.200 0.200 0.200 0.000 0.600 1.000 1.200
"Kevin Garnett" PF 39 MIN 38 38 14.6 1.400 3.000 0.470 0.000 0.000 0.000 1.400 3.000 0.474 0.470 0.400 0.600 0.667 0.400 3.600 3.900 1.600 0.700 0.300 0.400 1.800 3.200
"Wesley Johnson" SF 28 LAC 80 9 20.8 2.600 6.400 0.404 1.300 3.900 0.333 1.300 2.600 0.510 0.504 0.400 0.600 0.652 0.500 2.600 3.100 0.600 1.100 0.700 0.700 2.200 6.900
"Marcus Thornton" SG 28 WAS 14 2 16 3.000 7.600 0.393 1.300 3.900 0.333 1.700 3.800 0.453 0.477 1.100 1.500 0.762 0.500 2.000 2.500 1.400 0.900 0.100 0.800 1.200 8.400
"Matt Barnes" SF 35 MEM 76 45 28.8 3.500 9.100 0.381 1.600 4.900 0.322 1.900 4.300 0.449 0.467 1.500 1.800 0.804 1.100 4.400 5.500 2.100 1.000 0.800 1.600 3.100 10.000
"Jared Dudley" PF 30 WAS 81 41 25.9 2.900 6.000 0.478 1.200 2.900 0.420 1.600 3.100 0.534 0.581 0.900 1.200 0.735 0.700 2.900 3.500 2.100 0.900 0.200 1.000 2.300 7.900
"John Jenkins" SG 24 DAL 21 1 9.2 1.400 3.300 0.414 0.100 0.900 0.158 1.200 2.400 0.510 0.436 0.400 0.400 0.889 0.200 0.900 1.000 0.400 0.100 0.000 0.500 0.500 3.300
"Anthony Davis" C 22 NOP 61 61 35.5 9.200 18.600 0.493 0.600 1.800 0.324 8.600 16.900 0.511 0.508 5.300 7.000 0.758 2.100 8.100 10.300 1.900 1.300 2.000 2.000 2.400 24.300
"Michael Kidd-Gilchrist" SF 22 CHO 7 7 29.3 4.700 8.700 0.541 0.400 1.000 0.429 4.300 7.700 0.556 0.566 2.900 4.100 0.690 1.700 4.700 6.400 1.300 0.400 0.400 1.100 1.300 12.700
"T.J. McConnell" PG 23 PHI 81 17 19.8 2.700 5.700 0.470 0.400 1.100 0.348 2.300 4.600 0.499 0.503 0.300 0.500 0.634 0.500 2.600 3.100 4.500 1.200 0.100 1.700 1.400 6.100
"Jordan Hamilton" SF 25 NOP 11 4 27.6 4.500 10.500 0.422 1.200 4.100 0.289 3.300 6.500 0.507 0.478 1.300 1.900 0.667 1.100 4.500 5.600 2.300 0.700 0.300 1.500 2.200 11.400
"Orlando Johnson" SG 26 NOP 5 1 10.8 0.800 3.400 0.235 0.200 1.000 0.200 0.600 2.400 0.250 0.265 0.200 0.400 0.500 0.200 1.000 1.200 0.400 0.200 0.000 0.600 0.800 2.000
"Mike Dunleavy" SF 35 CHI 31 30 22.7 2.500 6.100 0.410 1.300 3.200 0.394 1.200 2.900 0.427 0.513 0.900 1.200 0.784 0.300 2.400 2.700 1.300 0.500 0.300 0.800 2.100 7.200
"Jeff Green" SF 29 TOT 80 41 28.2 4.400 10.300 0.430 0.800 2.700 0.315 3.600 7.600 0.470 0.470 2.100 2.800 0.745 0.900 3.200 4.200 1.700 0.700 0.500 1.200 2.100 11.700
"Ramon Sessions" PG 29 WAS 82 5 20.3 3.400 7.200 0.473 0.400 1.400 0.324 3.000 5.900 0.507 0.503 2.600 3.500 0.756 0.300 2.200 2.500 2.900 0.600 0.100 1.400 1.200 9.900
"Wayne Ellington" SG 28 BRK 76 41 21.3 2.900 7.400 0.389 1.300 3.500 0.358 1.600 3.900 0.416 0.474 0.700 0.800 0.857 0.300 2.000 2.300 1.100 0.600 0.100 0.600 1.100 7.700
"Ryan Kelly" PF 24 LAL 36 0 13.1 1.500 4.100 0.369 0.100 1.000 0.135 1.400 3.100 0.446 0.386 1.000 1.500 0.685 0.600 2.800 3.400 0.600 0.400 0.300 0.500 1.100 4.200
"Goran Dragic" PG 29 MIA 72 72 32.8 5.800 12.200 0.477 0.900 2.800 0.312 4.900 9.300 0.527 0.513 1.700 2.300 0.727 0.800 3.100 3.800 5.800 1.000 0.200 2.600 2.600 14.100
"Victor Oladipo" SG 23 ORL 72 52 33 5.900 13.500 0.438 1.400 3.900 0.348 4.500 9.600 0.475 0.489 2.800 3.400 0.830 0.700 4.100 4.800 3.900 1.600 0.800 2.100 2.400 16.000
"Kyle Lowry" PG 29 TOR 77 77 37 6.600 15.600 0.427 2.800 7.100 0.388 3.900 8.500 0.461 0.516 5.200 6.400 0.811 0.700 4.000 4.700 6.400 2.100 0.400 2.900 2.700 21.200
"Kawhi Leonard" SF 24 SAS 72 72 33.1 7.700 15.100 0.506 1.800 4.000 0.443 5.900 11.100 0.528 0.565 4.100 4.600 0.874 1.300 5.500 6.800 2.600 1.800 1.000 1.500 1.800 21.200
"Randy Foye" SG 32 OKC 27 1 21.2 1.900 5.500 0.349 0.900 3.000 0.309 1.000 2.500 0.397 0.433 0.800 1.000 0.815 0.300 1.600 1.900 1.800 0.500 0.500 1.000 1.800 5.600
"Spencer Hawes" PF 27 CHO 57 6 18.2 2.200 5.400 0.405 0.700 1.800 0.373 1.500 3.600 0.422 0.467 0.900 1.100 0.831 0.900 3.400 4.300 1.900 0.400 0.500 1.000 1.900 6.000
"Gary Neal" SG 31 WAS 40 2 20.2 3.800 8.100 0.465 1.000 2.500 0.410 2.800 5.600 0.489 0.528 1.200 1.400 0.855 0.300 1.800 2.100 1.200 0.500 0.000 0.700 1.400 9.800
"Justin Harper" PF 26 DET 5 0 7 0.800 2.000 0.400 0.800 1.800 0.444 0.000 0.200 0.000 0.600 0.200 0.400 0.500 0.000 0.200 0.200 0.000 0.200 0.000 0.400 0.600 2.600
"Jeremy Evans" SF 28 DAL 30 2 8.4 0.900 1.600 0.542 0.100 0.500 0.250 0.700 1.100 0.688 0.583 0.500 0.700 0.714 0.400 1.400 1.800 0.100 0.200 0.300 0.200 0.600 2.400
"Alex Len" C 22 PHO 78 46 23.3 3.400 8.000 0.423 0.000 0.100 0.143 3.400 7.900 0.426 0.424 2.200 3.100 0.728 2.300 5.300 7.600 1.200 0.500 0.800 1.900 2.900 9.000
"Terrence Jones" PF 24 HOU 50 11 20.9 3.300 7.300 0.452 0.500 1.600 0.316 2.800 5.800 0.490 0.486 1.500 2.300 0.664 1.200 3.000 4.200 0.800 0.500 0.800 1.000 1.700 8.700
"JaKarr Sampson" SF 22 TOT 73 40 15.9 1.900 4.300 0.442 0.200 0.900 0.222 1.700 3.500 0.496 0.464 1.100 1.700 0.656 0.600 2.000 2.600 0.600 0.300 0.500 1.000 1.900 5.100
"Jason Smith" C 29 ORL 76 2 15.5 3.200 6.600 0.485 0.100 0.200 0.250 3.200 6.400 0.493 0.489 0.700 0.900 0.806 0.700 2.200 2.900 0.800 0.400 0.900 0.800 2.100 7.200
"Steve Novak" PF 32 TOT 10 0 4.4 0.800 1.800 0.444 0.700 1.500 0.467 0.100 0.300 0.333 0.639 0.100 0.100 1.000 0.000 0.500 0.500 0.000 0.000 0.000 0.100 0.300 2.400
"Cory Jefferson" PF 25 PHO 8 0 6.3 1.100 2.800 0.409 0.000 0.100 0.000 1.100 2.600 0.429 0.409 0.500 0.800 0.667 0.800 1.300 2.000 0.000 0.000 0.100 0.000 1.000 2.800
"Evan Fournier" SF 23 ORL 79 71 32.5 5.400 11.800 0.462 2.000 4.900 0.400 3.500 6.800 0.506 0.546 2.500 3.000 0.836 0.400 2.400 2.800 2.700 1.200 0.000 1.700 2.700 15.400
"Nicolas Batum" SF 27 CHO 70 70 35 5.300 12.500 0.426 2.000 5.700 0.348 3.300 6.800 0.492 0.506 2.300 2.700 0.849 0.800 5.300 6.100 5.800 0.900 0.600 2.900 1.600 14.900
"Sonny Weems" SG-SF 29 TOT 43 0 11.6 1.000 2.600 0.382 0.300 1.000 0.366 0.600 1.600 0.391 0.450 0.200 0.300 0.533 0.200 1.100 1.200 1.100 0.200 0.000 1.000 1.100 2.500
"Danny Green" SG 28 SAS 79 79 26.1 2.700 7.100 0.376 1.500 4.400 0.332 1.200 2.700 0.448 0.480 0.400 0.600 0.739 0.600 3.200 3.800 1.800 1.000 0.800 0.900 1.800 7.200
"Jerryd Bayless" SG 27 MIL 52 18 28.9 3.600 8.400 0.423 1.900 4.400 0.437 1.600 4.000 0.408 0.539 1.300 1.700 0.778 0.400 2.300 2.700 3.100 0.900 0.200 1.400 2.100 10.400
"DeJuan Blair" C 26 WAS 29 0 7.5 1.000 2.300 0.412 0.000 0.000 0.000 1.000 2.300 0.418 0.412 0.200 0.400 0.385 0.700 1.300 2.000 0.400 0.300 0.100 0.500 1.800 2.100
"Chase Budinger" SF 27 TOT 66 2 14.1 1.600 3.600 0.435 0.400 1.300 0.279 1.200 2.300 0.523 0.485 0.600 0.800 0.696 0.700 1.600 2.300 1.000 0.500 0.200 0.700 0.900 4.100
"George Hill" PG 29 IND 74 73 34.1 4.400 10.000 0.441 1.700 4.200 0.408 2.700 5.700 0.466 0.528 1.500 2.000 0.760 0.800 3.200 4.000 3.500 1.100 0.200 1.400 2.000 12.100
"Khris Middleton" SG 24 MIL 79 79 36.1 6.400 14.500 0.444 1.800 4.600 0.396 4.600 9.900 0.466 0.507 3.500 3.900 0.888 0.600 3.300 3.800 4.200 1.700 0.200 2.300 2.600 18.200
"Axel Toupane" SF 23 DEN 21 0 14.5 1.200 3.300 0.357 0.600 1.900 0.325 0.600 1.400 0.400 0.450 0.600 0.800 0.765 0.400 1.100 1.500 0.700 0.300 0.300 0.300 1.900 3.600
"Kris Humphries" PF 30 PHO 4 3 18.5 2.500 9.000 0.278 0.800 2.500 0.300 1.800 6.500 0.269 0.319 1.500 2.000 0.750 2.800 5.300 8.000 1.800 0.800 0.500 1.000 2.000 7.300
"Clint Capela" C 21 HOU 77 35 19.1 3.000 5.200 0.582 0.000 0.000 0.000 3.000 5.100 0.583 0.582 1.000 2.700 0.379 2.500 3.900 6.400 0.600 0.800 1.200 0.800 2.500 7.000
"Aron Baynes" C 29 DET 81 1 15.2 2.400 4.700 0.505 0.000 0.000 0.000 2.400 4.700 0.508 0.505 1.600 2.000 0.764 1.700 3.000 4.700 0.600 0.300 0.600 0.800 1.900 6.300
"Shaun Livingston" PG 30 GSW 78 3 19.5 2.600 4.900 0.536 0.000 0.200 0.167 2.600 4.700 0.548 0.538 1.000 1.200 0.860 0.500 1.600 2.200 3.000 0.700 0.300 1.000 1.800 6.300
"Harrison Barnes" SF 23 GSW 66 59 30.9 4.500 9.600 0.466 1.200 3.200 0.383 3.200 6.300 0.508 0.531 1.500 2.000 0.761 1.200 3.800 4.900 1.800 0.600 0.200 0.900 2.100 11.700
"Kelly Olynyk" C 24 BOS 69 8 20.2 3.700 8.100 0.455 1.200 3.000 0.405 2.400 5.000 0.486 0.531 1.400 1.900 0.750 1.000 3.000 4.100 1.500 0.800 0.500 1.100 2.400 10.000
"Emmanuel Mudiay" PG 19 DEN 68 66 30.4 4.800 13.300 0.364 1.100 3.400 0.319 3.800 9.900 0.379 0.404 2.100 3.100 0.670 0.500 2.900 3.400 5.500 1.000 0.500 3.200 2.100 12.800
"Lance Thomas" PF 27 NYK 59 5 22.3 2.900 6.500 0.442 0.700 1.800 0.404 2.100 4.600 0.458 0.500 1.700 2.000 0.857 0.600 1.600 2.200 0.900 0.400 0.100 1.000 1.800 8.200
"Kris Humphries" PF 30 WAS 28 14 16.6 2.300 5.600 0.405 0.800 2.400 0.343 1.500 3.300 0.451 0.478 1.000 1.100 0.935 0.900 3.200 4.100 0.600 0.100 0.500 0.700 1.500 6.400
"J.J. Barea" PG 31 DAL 74 16 22.5 4.300 9.600 0.446 1.400 3.500 0.385 2.900 6.100 0.481 0.516 1.000 1.300 0.771 0.400 1.700 2.100 4.100 0.400 0.000 1.500 1.500 10.900
"Briante Weber" PG 23 MEM 6 4 27.7 2.200 6.300 0.342 0.000 0.800 0.000 2.200 5.500 0.394 0.342 0.500 0.700 0.750 1.300 2.700 4.000 3.300 1.500 0.500 1.500 1.800 4.800
"Xavier Munford" SG 23 MEM 14 0 17.4 2.300 5.500 0.416 0.600 1.600 0.391 1.600 3.900 0.426 0.474 0.500 1.000 0.500 0.200 2.000 2.200 1.600 0.900 0.200 1.100 1.800 5.700
"Aaron Gordon" PF 20 ORL 78 37 23.9 3.500 7.400 0.473 0.500 1.800 0.296 3.000 5.600 0.531 0.509 1.700 2.500 0.668 2.000 4.500 6.500 1.600 0.800 0.700 0.800 2.000 9.200
"Anderson Varejao" C 33 CLE 31 0 10 1.000 2.500 0.421 0.000 0.000 0.000 1.000 2.400 0.427 0.421 0.500 0.700 0.762 0.800 2.200 2.900 0.600 0.400 0.200 0.500 1.100 2.600
"Larry Nance Jr." PF 23 LAL 63 22 20.1 2.500 4.800 0.527 0.000 0.200 0.100 2.500 4.600 0.541 0.528 0.500 0.700 0.681 1.600 3.300 5.000 0.700 0.900 0.400 0.700 2.000 5.500
"Tim Frazier" PG 25 POR 35 1 7.8 0.600 1.700 0.333 0.100 0.500 0.176 0.500 1.200 0.395 0.358 0.200 0.400 0.533 0.300 0.800 1.100 1.200 0.300 0.000 0.800 0.900 1.500
"Al Horford" C 29 ATL 82 82 32.1 6.500 12.800 0.505 1.100 3.100 0.344 5.400 9.700 0.557 0.547 1.300 1.600 0.798 1.800 5.500 7.300 3.200 0.800 1.500 1.300 2.000 15.200
"Bryce Dejean-Jones" SG 23 NOP 14 11 19.9 2.000 4.900 0.406 0.900 2.300 0.375 1.100 2.600 0.432 0.493 0.800 1.500 0.524 0.600 2.900 3.400 1.100 0.700 0.100 0.800 1.200 5.600
"Andrew Nicholson" PF 26 ORL 56 0 14.7 2.600 5.500 0.471 0.700 2.000 0.360 1.900 3.500 0.536 0.537 0.900 1.200 0.785 0.600 3.000 3.600 0.400 0.200 0.400 0.700 1.200 6.900
"Bobby Portis" PF 20 CHI 62 4 17.8 3.000 7.000 0.427 0.300 0.800 0.308 2.700 6.200 0.443 0.445 0.800 1.100 0.727 2.000 3.500 5.400 0.800 0.400 0.400 0.900 1.600 7.000
"Joakim Noah" C 30 CHI 29 2 21.9 1.800 4.600 0.383 0.000 0.000 0.000 1.800 4.600 0.386 0.383 0.800 1.600 0.489 3.000 5.800 8.800 3.800 0.600 1.000 1.800 2.700 4.300
"Josh Huestis" PF 24 OKC 5 0 11 1.000 2.400 0.417 0.800 1.200 0.667 0.200 1.200 0.167 0.583 0.000 0.800 0.000 0.400 1.600 2.000 0.000 0.200 0.400 0.600 0.600 2.800
"Russ Smith" PG 24 MEM 15 0 4.4 0.500 1.500 0.318 0.100 0.300 0.200 0.400 1.100 0.353 0.341 0.500 0.900 0.615 0.100 0.500 0.600 0.700 0.300 0.100 0.500 0.300 1.500
"Udonis Haslem" PF 35 MIA 37 0 7 0.600 1.600 0.377 0.000 0.200 0.111 0.600 1.400 0.423 0.385 0.300 0.400 0.750 0.300 1.800 2.000 0.400 0.100 0.100 0.100 0.700 1.600
"Marcelo Huertas" PG 32 LAL 53 0 16.4 1.800 4.300 0.422 0.300 1.200 0.262 1.500 3.200 0.479 0.457 0.500 0.500 0.931 0.300 1.400 1.700 3.400 0.500 0.100 1.500 1.400 4.500
"Kirk Hinrich" PG 35 CHI 35 7 15.9 1.300 3.400 0.398 0.700 1.600 0.411 0.700 1.800 0.387 0.496 0.400 0.500 0.938 0.200 1.500 1.700 1.700 0.400 0.000 0.800 1.800 3.800
"John Jenkins" SG 24 TOT 43 3 11.2 1.700 3.700 0.444 0.400 1.200 0.314 1.300 2.500 0.505 0.494 0.500 0.600 0.833 0.200 1.100 1.300 0.800 0.200 0.000 0.600 0.500 4.100
"Chris Kaman" C 33 POR 16 2 7 1.300 2.700 0.465 0.100 0.300 0.250 1.200 2.400 0.487 0.477 0.200 0.200 1.000 0.400 1.100 1.500 0.700 0.100 0.100 0.500 0.900 2.800
"Caron Butler" SF 35 SAC 17 1 10.4 1.500 3.500 0.424 0.200 1.100 0.167 1.300 2.400 0.537 0.449 0.600 0.700 0.833 0.300 1.000 1.300 0.600 0.500 0.100 0.200 1.100 3.700
"Luke Babbitt" SF 26 NOP 47 13 18 2.600 6.100 0.422 0.900 2.300 0.404 1.700 3.800 0.433 0.498 0.800 1.100 0.780 0.500 2.600 3.100 1.100 0.200 0.100 0.500 1.900 7.000
"Kris Humphries" PF 30 TOT 53 17 15.8 2.300 5.600 0.410 0.600 2.000 0.315 1.600 3.500 0.465 0.468 1.300 1.600 0.798 1.100 3.000 4.100 0.700 0.300 0.400 0.700 1.800 6.500
"Ersan Ilyasova" PF 28 TOT 74 56 25.4 3.800 8.900 0.424 1.300 3.500 0.371 2.500 5.400 0.458 0.496 1.500 2.100 0.721 1.900 3.500 5.400 0.900 0.700 0.400 1.000 2.300 10.400
"Jordan Farmar" PG 29 MEM 12 10 24.3 3.500 8.300 0.420 1.300 3.800 0.356 2.200 4.600 0.473 0.500 0.800 0.800 1.000 0.300 1.800 2.100 3.100 1.300 0.200 1.500 1.800 9.200
"Toney Douglas" PG 29 NOP 61 18 20.7 3.000 7.300 0.411 1.300 3.300 0.399 1.700 4.000 0.421 0.502 1.400 1.600 0.848 0.400 1.900 2.300 2.600 1.100 0.100 1.000 2.100 8.700
"Gerald Green" SG 30 MIA 69 14 22.6 3.300 8.500 0.392 1.200 3.800 0.323 2.100 4.700 0.446 0.463 1.000 1.300 0.783 0.400 2.000 2.400 0.800 0.600 0.300 0.700 1.800 8.900
"Lance Stephenson" SF 25 MEM 26 3 26.6 5.600 11.800 0.474 0.400 1.200 0.355 5.200 10.700 0.487 0.492 2.500 3.100 0.815 0.800 3.600 4.400 2.800 0.700 0.200 1.800 2.200 14.200
"Brian Roberts" PG 30 TOT 51 0 9.2 1.500 3.200 0.448 0.300 0.800 0.357 1.200 2.400 0.480 0.494 0.800 0.900 0.894 0.100 0.700 0.800 1.100 0.200 0.000 0.500 0.700 4.000
"Anthony Bennett" PF 22 TOR 19 0 4.4 0.400 1.400 0.296 0.200 0.700 0.214 0.300 0.700 0.385 0.352 0.500 0.500 0.900 0.300 0.900 1.200 0.000 0.300 0.000 0.200 0.400 1.500
"Zach LaVine" SG 20 MIN 82 33 28 5.300 11.700 0.452 1.500 3.900 0.389 3.800 7.800 0.482 0.516 2.000 2.500 0.793 0.300 2.500 2.800 3.100 0.800 0.200 1.900 2.400 14.000
"Johnny O'Bryant" PF 22 MIL 66 4 13 1.300 3.200 0.411 0.000 0.000 1.000 1.300 3.200 0.409 0.414 0.400 0.600 0.675 1.000 1.700 2.700 0.500 0.300 0.100 0.500 1.500 3.000
"Mario Chalmers" PG 29 TOT 61 7 22.5 3.000 7.300 0.410 0.800 2.400 0.309 2.200 4.800 0.461 0.462 3.600 4.300 0.832 0.400 2.200 2.600 3.800 1.400 0.200 1.800 3.000 10.300
"Doug McDermott" SF 24 CHI 81 4 23 3.600 8.000 0.452 1.400 3.200 0.425 2.200 4.800 0.470 0.537 0.900 1.000 0.857 0.500 2.000 2.400 0.700 0.200 0.100 0.700 1.600 9.400
"D'Angelo Russell" PG 19 LAL 80 48 28.2 4.900 12.000 0.410 1.600 4.600 0.351 3.300 7.300 0.447 0.478 1.800 2.400 0.737 0.600 2.800 3.400 3.300 1.200 0.200 2.500 1.800 13.200
"Kyle Anderson" SF 22 SAS 78 11 16 1.800 3.800 0.468 0.200 0.500 0.324 1.600 3.300 0.488 0.488 0.800 1.100 0.747 0.300 2.800 3.100 1.600 0.800 0.400 0.800 1.200 4.500
"Damian Lillard" PG 25 POR 75 75 35.7 8.200 19.700 0.419 3.100 8.100 0.375 5.200 11.500 0.450 0.497 5.500 6.200 0.892 0.600 3.400 4.000 6.800 0.900 0.400 3.200 2.200 25.100
"JaKarr Sampson" SF 22 DEN 26 22 18 2.100 4.400 0.470 0.300 1.100 0.276 1.800 3.300 0.535 0.504 0.700 1.000 0.720 0.600 1.700 2.300 0.600 0.500 0.700 0.700 2.000 5.200
"Delon Wright" PG 23 TOR 27 1 8.5 1.300 3.000 0.450 0.200 0.500 0.385 1.100 2.500 0.463 0.481 1.000 1.300 0.743 0.300 1.100 1.400 1.100 0.300 0.100 0.600 0.300 3.800
"Kyrie Irving" PG 23 CLE 53 53 31.5 7.400 16.600 0.448 1.600 4.900 0.321 5.800 11.600 0.502 0.496 3.200 3.600 0.885 0.800 2.100 3.000 4.700 1.100 0.300 2.300 2.000 19.600
"Jerian Grant" PG 23 NYK 76 6 16.6 2.000 5.100 0.394 0.300 1.300 0.220 1.700 3.800 0.454 0.422 1.300 1.600 0.780 0.300 1.600 1.900 2.300 0.700 0.100 1.100 1.300 5.600
"Ian Clark" SG 24 GSW 66 1 8.8 1.300 3.100 0.441 0.500 1.300 0.357 0.900 1.800 0.500 0.515 0.400 0.500 0.824 0.200 0.800 1.000 1.000 0.300 0.200 0.700 0.900 3.600
"Joe Young" PG 23 IND 41 0 9.4 1.500 4.100 0.367 0.200 1.100 0.217 1.300 3.000 0.423 0.396 0.500 0.600 0.800 0.100 1.100 1.200 1.600 0.400 0.000 0.800 0.700 3.800
"C.J. Watson" PG 31 ORL 33 2 19.9 1.400 4.200 0.343 0.400 1.500 0.292 1.000 2.700 0.371 0.394 1.000 1.200 0.872 0.300 1.700 2.000 2.700 0.600 0.200 0.800 1.500 4.300
"Spencer Dinwiddie" PG 22 DET 12 0 13.3 1.600 4.500 0.352 0.100 0.800 0.100 1.500 3.700 0.409 0.361 1.600 2.800 0.576 0.300 1.100 1.400 1.800 0.300 0.000 0.600 1.700 4.800
"Rudy Gay" SF 29 SAC 70 70 34 6.700 14.400 0.463 1.100 3.100 0.344 5.600 11.300 0.495 0.500 2.800 3.600 0.780 1.500 5.000 6.500 1.700 1.400 0.700 2.000 2.600 17.200
"Taj Gibson" PF 30 CHI 73 55 26.5 3.600 6.800 0.526 0.000 0.000 0.000 3.600 6.800 0.529 0.526 1.400 2.000 0.692 2.800 4.100 6.900 1.500 0.600 1.100 1.100 2.500 8.600
"Carmelo Anthony" SF 31 NYK 72 72 35.1 7.900 18.200 0.434 1.500 4.300 0.339 6.400 13.800 0.463 0.474 4.600 5.600 0.829 1.400 6.400 7.700 4.200 0.900 0.500 2.400 2.500 21.800
"Donatas Motiejunas" PF 25 HOU 37 22 14.8 2.400 5.500 0.439 0.400 1.500 0.281 2.000 4.000 0.500 0.478 0.900 1.400 0.642 1.000 1.900 2.900 1.100 0.500 0.100 1.200 1.900 6.200
"Gorgui Dieng" C 26 MIN 82 39 27.1 3.800 7.100 0.532 0.100 0.200 0.300 3.700 6.800 0.540 0.537 2.500 3.000 0.827 1.900 5.200 7.100 1.700 1.100 1.200 1.700 2.700 10.100
"Nerlens Noel" C 21 PHI 67 62 29.3 4.600 8.800 0.521 0.000 0.000 0.500 4.600 8.700 0.521 0.522 2.000 3.400 0.590 2.300 5.800 8.100 1.800 1.800 1.500 2.400 2.900 11.100
"Tim Frazier" PG 25 NOP 16 1 29.3 4.800 10.600 0.450 0.800 1.900 0.419 3.900 8.600 0.457 0.488 2.800 3.700 0.763 0.900 3.500 4.400 7.500 1.400 0.100 2.400 2.600 13.100
"Brandon Jennings" PG 26 TOT 48 7 18.1 2.300 6.300 0.368 1.100 3.200 0.329 1.300 3.100 0.409 0.452 1.200 1.600 0.731 0.300 1.700 2.000 3.500 0.600 0.100 1.200 1.200 6.900
"Frank Kaminsky" C 22 CHO 81 3 21.1 2.700 6.500 0.410 0.800 2.500 0.337 1.800 4.000 0.455 0.474 1.300 1.800 0.730 0.900 3.300 4.100 1.200 0.500 0.500 0.700 1.600 7.500
"Kyle O'Quinn" PF 25 NYK 65 1 11.8 2.000 4.200 0.476 0.100 0.300 0.227 1.900 3.800 0.498 0.485 0.700 0.900 0.767 1.200 2.700 3.800 1.100 0.300 0.800 0.900 1.600 4.800
"JaVale McGee" C 28 DAL 34 2 10.9 2.300 3.900 0.575 0.000 0.000 0.000 2.300 3.900 0.579 0.575 0.500 1.100 0.500 1.600 2.400 3.900 0.100 0.100 0.800 0.600 1.400 5.100
"Tony Wroten" PG 22 PHI 8 3 18 2.800 8.100 0.338 0.400 2.100 0.176 2.400 6.000 0.396 0.362 2.500 4.600 0.541 0.300 2.400 2.600 2.500 0.400 0.000 3.600 1.400 8.400
"Derrick Rose" PG 27 CHI 66 66 31.8 6.800 15.900 0.427 0.700 2.300 0.293 6.100 13.600 0.449 0.448 2.200 2.700 0.793 0.700 2.700 3.400 4.700 0.700 0.200 2.700 1.300 16.400
"Orlando Johnson" SG 26 PHO 2 0 23.5 2.500 8.500 0.294 0.500 2.500 0.200 2.000 6.000 0.333 0.324 2.500 3.000 0.833 1.500 3.000 4.500 0.000 1.000 1.500 0.500 2.500 8.000
"Elijah Millsap" SG 28 UTA 20 0 8.7 0.600 2.000 0.282 0.100 0.600 0.083 0.500 1.400 0.370 0.295 0.700 0.900 0.722 0.300 1.500 1.800 1.000 0.400 0.200 0.500 1.700 1.800
"Lance Stephenson" SF 25 TOT 69 13 19.9 3.300 6.900 0.481 0.400 1.100 0.385 2.900 5.700 0.500 0.513 1.300 1.600 0.784 0.600 2.700 3.200 1.900 0.600 0.100 1.400 2.000 8.300
"Darrell Arthur" PF 27 DEN 70 16 21.7 3.200 7.000 0.452 0.600 1.700 0.385 2.500 5.300 0.473 0.498 0.600 0.800 0.755 1.200 3.000 4.200 1.400 0.800 0.700 0.900 2.600 7.500
"Andre Miller" PG 39 MIN 26 0 10.8 1.400 2.200 0.621 0.000 0.200 0.250 1.300 2.100 0.648 0.629 0.600 0.700 0.789 0.200 0.700 0.900 2.200 0.300 0.000 1.000 1.200 3.400
"Shelvin Mack" PG 25 ATL 24 0 7.5 1.700 4.000 0.421 0.200 1.100 0.148 1.500 2.800 0.529 0.442 0.400 0.500 0.750 0.100 0.800 0.900 1.600 0.300 0.000 0.600 0.300 3.900
"Kyle Korver" SG 34 ATL 80 80 30 3.400 7.700 0.435 2.000 5.000 0.398 1.400 2.700 0.502 0.563 0.600 0.700 0.833 0.200 3.100 3.300 2.100 0.800 0.400 1.200 2.000 9.200
"Joe Ingles" SF 28 UTA 81 2 15.3 1.500 3.600 0.426 1.000 2.600 0.386 0.500 1.000 0.531 0.565 0.200 0.200 0.722 0.200 1.600 1.900 1.200 0.700 0.000 0.800 1.200 4.200
"Phil Pressey" PG 24 PHO 9 0 12.6 1.000 2.600 0.391 0.000 0.600 0.000 1.000 2.000 0.500 0.391 0.400 0.800 0.571 0.300 0.600 0.900 3.200 0.800 0.300 1.600 1.600 2.400
"Alexis Ajinca" C 27 NOP 59 17 14.6 2.500 5.300 0.476 0.000 0.000 0.000 2.500 5.300 0.478 0.476 0.900 1.100 0.839 1.300 3.300 4.600 0.500 0.300 0.600 0.900 2.300 6.000
"Raul Neto" PG 23 UTA 81 53 18.5 2.200 5.200 0.431 0.800 2.000 0.395 1.400 3.200 0.453 0.507 0.600 0.900 0.743 0.200 1.300 1.500 2.100 0.800 0.000 1.300 1.500 5.900
"Tyler Ennis" PG 21 MIL 46 7 14.2 1.800 4.100 0.449 0.300 0.800 0.333 1.500 3.200 0.480 0.484 0.500 0.700 0.735 0.300 1.300 1.600 2.100 0.500 0.000 1.000 1.400 4.500
"Courtney Lee" SG 30 CHO 28 28 30.2 3.500 7.900 0.445 1.100 2.800 0.392 2.400 5.000 0.475 0.516 0.800 0.900 0.885 0.400 2.800 3.100 2.100 1.200 0.400 0.800 2.000 8.900
"Jon Leuer" PF 26 PHO 67 27 18.7 3.300 7.000 0.481 0.600 1.600 0.382 2.700 5.300 0.511 0.526 1.100 1.500 0.762 1.100 4.400 5.600 1.100 0.600 0.400 1.100 1.900 8.500
"Omri Casspi" SF 27 SAC 69 21 27.2 4.300 9.000 0.481 1.600 4.000 0.409 2.700 5.000 0.537 0.571 1.500 2.300 0.648 0.800 5.100 5.900 1.400 0.800 0.200 1.400 2.200 11.800
"Gary Harris" SG 21 DEN 76 76 32.1 4.700 10.100 0.469 1.400 3.900 0.354 3.300 6.200 0.543 0.538 1.400 1.800 0.820 0.700 2.200 2.900 1.900 1.300 0.200 1.300 1.900 12.300
"Mason Plumlee" C 25 POR 82 82 25.4 3.300 6.300 0.516 0.000 0.000 0.000 3.300 6.300 0.520 0.516 2.600 4.100 0.642 2.500 5.200 7.700 2.800 0.800 1.000 1.900 3.100 9.100
"Sonny Weems" SG 29 PHO 36 0 11.7 1.000 2.500 0.393 0.400 0.900 0.406 0.600 1.600 0.386 0.466 0.200 0.400 0.538 0.200 1.000 1.100 1.300 0.300 0.000 1.000 1.100 2.500
"Ty Lawson" PG 28 TOT 66 13 21.4 2.100 5.400 0.393 0.500 1.600 0.333 1.600 3.700 0.419 0.444 0.900 1.300 0.686 0.400 1.400 1.800 3.600 0.800 0.100 1.400 1.300 5.700
"Trey Lyles" PF 20 UTA 80 33 17.3 2.400 5.500 0.438 0.600 1.600 0.383 1.800 3.900 0.461 0.494 0.700 1.000 0.695 0.700 3.000 3.700 0.700 0.300 0.200 0.800 1.400 6.100
"Rodney Stuckey" PG 29 IND 58 1 22 3.200 7.600 0.413 0.300 1.400 0.241 2.800 6.200 0.453 0.436 2.300 2.700 0.829 0.300 2.400 2.700 2.400 0.700 0.100 1.300 1.300 8.900
"Montrezl Harrell" PF 22 HOU 39 1 9.7 1.500 2.300 0.644 0.000 0.000 0.000 1.500 2.300 0.652 0.644 0.600 1.200 0.522 0.600 1.000 1.700 0.400 0.300 0.300 0.400 1.200 3.600
"Klay Thompson" SG 25 GSW 80 80 33.3 8.100 17.300 0.470 3.500 8.100 0.425 4.700 9.200 0.510 0.569 2.400 2.800 0.873 0.400 3.400 3.800 2.100 0.800 0.600 1.700 1.900 22.100
"Mario Chalmers" PG 29 MIA 6 0 20 1.700 5.300 0.313 0.200 1.800 0.091 1.500 3.500 0.429 0.328 2.000 2.200 0.923 0.200 2.200 2.300 3.200 1.300 0.200 1.500 2.700 5.500
"James Michael McAdoo" PF 23 GSW 41 1 6.4 1.100 2.000 0.536 0.000 0.000 0.500 1.100 2.000 0.537 0.542 0.600 1.200 0.531 0.700 0.700 1.400 0.400 0.200 0.200 0.400 1.000 2.900
"Cory Joseph" SG 24 TOR 80 4 25.6 3.200 7.300 0.439 0.400 1.400 0.273 2.800 5.900 0.478 0.465 1.700 2.200 0.764 0.500 2.100 2.600 3.100 0.800 0.300 1.300 1.600 8.500
"James Anderson" SG 26 SAC 51 15 14.1 1.300 3.500 0.376 0.500 1.700 0.267 0.900 1.800 0.478 0.441 0.400 0.600 0.759 0.300 1.400 1.700 0.800 0.400 0.300 0.800 1.100 3.500
"Adreian Payne" PF 24 MIN 52 2 9.3 1.000 2.800 0.366 0.200 0.600 0.281 0.800 2.200 0.389 0.397 0.300 0.500 0.654 0.400 1.800 2.100 0.600 0.300 0.200 0.700 1.500 2.500
"Darren Collison" PG 28 SAC 74 15 30 5.100 10.500 0.486 1.200 2.900 0.401 3.900 7.600 0.519 0.542 2.600 3.100 0.858 0.400 1.900 2.300 4.300 1.000 0.100 1.800 1.900 14.000
"Sean Kilpatrick" SG 26 DEN 8 0 10.3 1.000 2.600 0.381 0.500 2.100 0.235 0.500 0.500 1.000 0.476 0.900 1.000 0.875 0.300 0.500 0.800 0.400 0.300 0.000 0.500 0.900 3.400
"Kent Bazemore" SF 26 ATL 75 68 27.8 4.300 9.700 0.441 1.500 4.100 0.357 2.800 5.600 0.502 0.517 1.600 2.000 0.815 0.400 4.700 5.100 2.300 1.300 0.500 1.800 2.300 11.600
"Russell Westbrook" PG 27 OKC 80 80 34.4 8.200 18.100 0.454 1.300 4.300 0.296 6.900 13.800 0.503 0.489 5.800 7.200 0.812 1.800 6.000 7.800 10.400 2.000 0.300 4.300 2.500 23.500
"Lorenzo Brown" PG 25 PHO 8 0 7.6 1.000 3.100 0.320 0.100 1.000 0.125 0.900 2.100 0.412 0.340 0.400 0.500 0.750 0.000 0.900 0.900 1.400 0.400 0.100 1.100 0.500 2.500
"Patrick Beverley" PG 27 HOU 71 63 28.7 3.600 8.400 0.434 1.700 4.400 0.400 1.900 4.000 0.472 0.539 0.800 1.200 0.682 1.000 2.500 3.500 3.400 1.300 0.400 1.300 3.300 9.900
"Jeremy Lamb" SG 23 CHO 66 0 18.6 3.500 7.700 0.451 0.800 2.700 0.309 2.600 5.000 0.529 0.506 1.000 1.300 0.727 0.700 3.200 3.800 1.200 0.600 0.500 0.800 1.600 8.800
"Devin Booker" SG 19 PHO 76 51 27.7 4.800 11.400 0.423 1.300 3.800 0.343 3.500 7.600 0.464 0.480 2.800 3.400 0.840 0.400 2.100 2.500 2.600 0.600 0.300 2.100 3.000 13.800
"Rondae Hollis-Jefferson" SF 21 BRK 29 17 21.2 2.200 4.800 0.457 0.100 0.500 0.286 2.000 4.300 0.476 0.471 1.300 1.800 0.712 1.300 4.000 5.300 1.500 1.300 0.600 0.900 2.100 5.800
"Glenn Robinson" SF 22 IND 45 4 11.3 1.400 3.400 0.430 0.300 0.800 0.378 1.100 2.500 0.447 0.477 0.600 0.900 0.692 0.300 1.200 1.500 0.600 0.400 0.200 0.400 0.500 3.800
"Brian Roberts" PG 30 POR 21 0 6.5 1.100 2.400 0.460 0.300 0.700 0.400 0.800 1.700 0.486 0.520 0.400 0.500 0.800 0.100 0.500 0.600 0.800 0.100 0.000 0.300 0.600 2.900
"Iman Shumpert" SG 25 CLE 54 5 24.4 2.100 5.600 0.374 0.800 2.700 0.295 1.300 2.900 0.447 0.444 0.700 0.900 0.784 0.600 3.200 3.800 1.700 1.000 0.400 1.100 2.200 5.800
"James Ennis" SF 25 MEM 10 0 4 0.400 1.300 0.308 0.200 0.800 0.250 0.200 0.500 0.400 0.385 0.600 1.000 0.600 0.400 0.300 0.700 0.200 0.400 0.200 0.200 0.100 1.600
"Andre Iguodala" SF 32 GSW 65 1 26.6 2.700 5.700 0.478 0.800 2.400 0.351 1.900 3.300 0.570 0.552 0.800 1.300 0.614 0.800 3.200 4.000 3.400 1.100 0.300 1.200 1.600 7.000
"Chase Budinger" SF 27 IND 49 2 14.9 1.700 4.000 0.418 0.400 1.400 0.290 1.200 2.600 0.488 0.469 0.700 1.000 0.708 0.600 1.800 2.500 1.000 0.600 0.200 0.600 0.900 4.400
"Otto Porter" SF 22 WAS 75 73 30.3 4.500 9.600 0.473 1.300 3.600 0.367 3.200 6.000 0.536 0.541 1.300 1.700 0.754 1.300 3.900 5.200 1.600 1.400 0.400 0.900 2.200 11.600
"Derrick Favors" PF 24 UTA 62 59 32 6.700 13.100 0.515 0.000 0.100 0.000 6.700 13.000 0.518 0.515 2.900 4.100 0.709 2.700 5.400 8.100 1.500 1.200 1.500 1.700 2.400 16.400
"Tobias Harris" PF 23 DET 27 25 33.4 6.100 12.900 0.477 1.200 3.300 0.375 4.900 9.600 0.512 0.524 3.000 3.300 0.911 0.900 5.300 6.200 2.600 0.700 0.400 1.100 2.300 16.600
"Jeff Ayres" C 28 LAC 17 0 6.3 0.700 1.400 0.522 0.000 0.100 0.000 0.700 1.300 0.545 0.522 0.400 0.400 1.000 0.200 1.100 1.300 0.300 0.000 0.200 0.400 1.100 1.800
"Nemanja Bjelica" PF 27 MIN 60 0 17.9 1.800 3.900 0.468 0.800 2.100 0.384 1.000 1.800 0.564 0.570 0.700 0.900 0.727 0.800 2.700 3.500 1.400 0.400 0.400 0.800 2.600 5.100
"Jason Terry" SG 38 HOU 72 7 17.5 2.100 5.200 0.402 1.300 3.600 0.356 0.800 1.600 0.504 0.525 0.400 0.500 0.818 0.200 0.900 1.100 1.400 0.700 0.100 0.700 1.300 5.900
"Quincy Acy" PF 25 SAC 59 29 14.8 2.000 3.600 0.556 0.300 0.800 0.388 1.700 2.800 0.606 0.600 0.800 1.200 0.735 1.100 2.100 3.200 0.500 0.500 0.400 0.500 1.700 5.200
"Solomon Hill" SF 24 IND 59 3 14.7 1.600 3.500 0.447 0.400 1.300 0.324 1.200 2.300 0.515 0.505 0.600 0.700 0.857 0.700 2.200 2.800 1.000 0.600 0.200 0.600 1.200 4.200
"Jabari Parker" PF 20 MIL 76 72 31.7 5.800 11.800 0.493 0.100 0.500 0.257 5.700 11.400 0.502 0.498 2.300 3.000 0.768 1.600 3.600 5.200 1.700 0.900 0.400 1.500 2.000 14.100
"Josh Smith" PF 30 LAC 32 1 14.3 2.200 5.600 0.383 0.600 1.800 0.310 1.600 3.800 0.418 0.433 0.800 1.300 0.595 1.000 2.900 3.900 1.300 0.600 1.100 1.300 1.900 5.700
"Jared Cunningham" SG 24 CLE 40 3 8.9 0.800 2.300 0.352 0.300 0.800 0.313 0.600 1.500 0.373 0.407 0.800 1.200 0.625 0.100 0.700 0.700 0.500 0.300 0.100 0.500 0.900 2.600
"Shabazz Napier" PG 24 ORL 55 0 10.9 1.200 3.700 0.338 0.600 1.900 0.327 0.600 1.800 0.351 0.423 0.600 0.800 0.733 0.200 0.800 1.000 1.800 0.400 0.000 0.800 0.700 3.700
"Wesley Matthews" SF 29 DAL 78 78 33.9 4.200 10.900 0.388 2.400 6.700 0.360 1.800 4.200 0.432 0.498 1.600 1.900 0.863 0.300 2.700 3.100 1.900 1.000 0.200 1.000 2.300 12.500
"Lou Williams" SG 29 LAL 67 35 28.5 4.200 10.300 0.408 1.600 4.800 0.344 2.600 5.600 0.464 0.488 5.300 6.300 0.830 0.500 2.100 2.500 2.500 0.900 0.300 1.600 1.600 15.300
"Tim Hardaway" SG 23 ATL 51 1 16.9 2.200 5.200 0.430 0.900 2.800 0.338 1.300 2.400 0.537 0.521 1.000 1.100 0.893 0.100 1.500 1.700 1.000 0.400 0.100 0.500 0.900 6.400
"Tony Parker" PG 33 SAS 72 72 27.5 4.900 9.900 0.493 0.400 0.900 0.415 4.500 9.000 0.501 0.512 1.800 2.400 0.760 0.200 2.200 2.400 5.300 0.800 0.200 1.800 1.600 11.900
"Tyus Jones" PG 19 MIN 37 0 15.5 1.500 4.200 0.359 0.400 1.400 0.302 1.100 2.800 0.388 0.410 0.800 1.100 0.718 0.200 1.100 1.300 2.900 0.800 0.100 0.900 0.900 4.200
"Jamal Crawford" SG 35 LAC 79 5 26.9 4.800 11.900 0.404 1.500 4.400 0.340 3.300 7.500 0.440 0.466 3.100 3.400 0.904 0.300 1.600 1.800 2.300 0.700 0.200 1.400 1.500 14.200
"Noah Vonleh" PF 20 POR 78 56 15.1 1.500 3.600 0.421 0.100 0.600 0.239 1.400 3.000 0.457 0.441 0.500 0.700 0.745 1.200 2.700 3.900 0.400 0.300 0.300 0.600 1.900 3.600
"Jae Crowder" SF 25 BOS 73 73 31.6 4.900 11.100 0.443 1.700 5.000 0.336 3.300 6.200 0.529 0.518 2.700 3.300 0.820 1.000 4.200 5.100 1.800 1.700 0.500 1.100 2.700 14.200
"Isaiah Thomas" PG 26 BOS 82 79 32.2 7.200 16.900 0.428 2.000 5.700 0.359 5.200 11.200 0.462 0.488 5.800 6.600 0.871 0.600 2.400 3.000 6.200 1.100 0.100 2.700 2.000 22.200
"Jeff Green" SF 29 MEM 53 31 29.1 4.500 10.500 0.431 0.800 2.600 0.309 3.700 7.900 0.470 0.469 2.300 2.900 0.800 1.000 3.500 4.500 1.800 0.800 0.400 1.300 1.900 12.200
"Rasual Butler" SF 36 SAS 46 0 9.4 1.100 2.300 0.471 0.300 1.100 0.306 0.700 1.200 0.618 0.543 0.200 0.300 0.688 0.100 1.200 1.200 0.500 0.300 0.500 0.200 0.200 2.700
"O.J. Mayo" SG 28 MIL 41 24 26.6 2.900 7.800 0.371 1.300 4.000 0.321 1.600 3.900 0.421 0.452 0.800 1.000 0.775 0.300 2.200 2.600 2.900 1.200 0.200 1.800 3.100 7.800
"Andrew Bogut" C 31 GSW 70 66 20.7 2.500 4.000 0.627 0.000 0.000 1.000 2.500 4.000 0.626 0.629 0.300 0.700 0.480 1.700 5.300 7.000 2.300 0.500 1.600 1.200 3.200 5.400
"Anthony Morrow" SG 30 OKC 68 6 13.6 2.000 4.900 0.408 1.200 3.000 0.387 0.800 1.900 0.442 0.527 0.400 0.600 0.744 0.100 0.800 0.900 0.400 0.300 0.100 0.300 0.900 5.600
"Chris Paul" PG 30 LAC 74 74 32.7 7.000 15.100 0.462 1.600 4.400 0.371 5.300 10.600 0.501 0.517 4.000 4.400 0.896 0.500 3.700 4.200 10.000 2.100 0.200 2.600 2.500 19.500
"Justin Holiday" SG 26 ATL 26 1 10.1 0.900 2.800 0.329 0.400 1.700 0.222 0.500 1.100 0.500 0.397 0.200 0.400 0.500 0.200 0.900 1.000 0.400 0.500 0.200 0.500 0.800 2.400
"Courtney Lee" SG 30 MEM 51 37 29.2 3.800 8.200 0.458 1.000 2.700 0.370 2.800 5.500 0.502 0.519 1.500 1.800 0.826 0.400 1.900 2.300 1.500 1.000 0.300 1.000 1.500 10.000
"Damien Inglis" SF 20 MIL 20 1 7.8 0.700 1.900 0.351 0.200 0.700 0.231 0.500 1.200 0.417 0.392 0.400 0.400 0.875 0.100 1.500 1.600 0.500 0.300 0.200 0.600 0.600 1.800
"Pau Gasol" C 35 CHI 72 72 31.8 6.500 13.800 0.469 0.300 1.000 0.348 6.200 12.900 0.478 0.481 3.200 4.000 0.792 2.200 8.900 11.000 4.100 0.600 2.000 2.300 2.100 16.500
"Channing Frye" C 32 CLE 26 3 17.2 2.700 6.200 0.441 1.700 4.400 0.377 1.100 1.800 0.596 0.575 0.400 0.500 0.786 0.500 3.100 3.600 1.000 0.300 0.300 0.500 2.200 7.500
"Greg Monroe" C 25 MIL 79 67 29.3 6.200 11.900 0.522 0.000 0.000 0.000 6.200 11.900 0.522 0.522 2.900 3.900 0.740 2.800 6.100 8.800 2.300 0.900 0.800 1.600 2.100 15.300
"Maurice Harkless" SF 22 POR 78 14 18.7 2.500 5.300 0.474 0.500 1.800 0.279 2.000 3.500 0.576 0.522 0.900 1.400 0.622 1.300 2.300 3.600 0.900 0.600 0.400 0.800 1.600 6.400
"Lucas Nogueira" C 23 TOR 29 1 7.8 1.000 1.500 0.636 0.000 0.100 0.333 0.900 1.400 0.659 0.648 0.300 0.500 0.533 0.600 1.000 1.600 0.200 0.400 0.400 0.400 1.000 2.200
"Cristiano Felicio" C 23 CHI 31 4 10.4 1.300 2.300 0.556 0.000 0.100 0.000 1.300 2.200 0.588 0.556 0.800 1.100 0.714 1.000 2.300 3.300 0.800 0.200 0.400 0.400 1.000 3.400
"Marcus Thornton" SG 28 TOT 61 8 18.2 3.500 8.900 0.399 1.500 4.400 0.337 2.000 4.500 0.460 0.482 1.100 1.300 0.848 0.600 1.800 2.500 1.400 0.800 0.100 0.800 1.500 9.700
"Nick Young" SG 30 LAL 54 2 19.1 2.300 6.900 0.339 1.400 4.400 0.325 0.900 2.500 0.363 0.442 1.200 1.400 0.829 0.300 1.500 1.800 0.600 0.400 0.100 0.600 0.900 7.300
"Sergey Karasev" SF 22 BRK 40 5 10 0.800 1.900 0.405 0.300 0.900 0.297 0.500 0.900 0.514 0.480 0.700 0.700 0.929 0.200 1.300 1.500 0.900 0.200 0.100 0.600 0.700 2.400
"Salah Mejri" C 29 DAL 34 6 11.7 1.400 2.300 0.628 0.000 0.000 0.000 1.400 2.300 0.636 0.628 0.800 1.400 0.587 1.200 2.400 3.600 0.300 0.200 1.100 0.700 1.600 3.700
"Kirk Hinrich" PG 35 TOT 46 7 13.7 1.100 2.800 0.380 0.500 1.300 0.387 0.500 1.500 0.373 0.473 0.300 0.300 0.938 0.200 1.300 1.500 1.600 0.300 0.000 0.700 1.400 3.000
"Jordan Clarkson" SG 23 LAL 79 79 32.3 6.000 13.900 0.433 1.400 4.100 0.347 4.600 9.800 0.468 0.483 2.100 2.600 0.804 1.200 2.800 4.000 2.400 1.100 0.100 1.700 2.100 15.500
"Monta Ellis" SG 30 IND 81 81 33.8 5.400 12.600 0.427 1.100 3.500 0.309 4.300 9.100 0.472 0.470 2.000 2.500 0.786 0.500 2.800 3.300 4.700 1.900 0.500 2.500 2.100 13.800
"Andrew Wiggins" SF 20 MIN 81 81 35.1 7.300 16.000 0.459 0.700 2.300 0.300 6.600 13.600 0.486 0.481 5.300 7.000 0.761 1.300 2.300 3.600 2.000 1.000 0.600 2.200 2.000 20.700
"Lance Stephenson" SF 25 LAC 43 10 15.8 1.900 3.900 0.494 0.400 1.100 0.404 1.500 2.800 0.529 0.551 0.500 0.700 0.700 0.400 2.100 2.500 1.400 0.600 0.100 1.100 1.800 4.700
"Sasha Vujacic" SG 31 NYK 61 25 14.9 1.700 4.500 0.383 0.900 2.300 0.364 0.900 2.200 0.403 0.477 0.500 0.600 0.821 0.400 2.000 2.400 1.400 0.600 0.100 0.700 1.400 4.900
"P.J. Tucker" SF 30 PHO 82 80 31 2.900 7.100 0.411 0.800 2.500 0.330 2.100 4.600 0.455 0.469 1.300 1.700 0.746 2.000 4.200 6.200 2.200 1.300 0.200 1.400 2.500 8.000
"Norman Powell" SG 22 TOR 49 24 14.8 2.000 4.700 0.424 0.700 1.800 0.404 1.200 2.900 0.436 0.502 0.900 1.100 0.811 0.300 1.900 2.300 1.000 0.600 0.200 0.700 1.200 5.600
"DeMarcus Cousins" C 25 SAC 65 65 34.6 9.200 20.500 0.451 1.100 3.200 0.333 8.200 17.300 0.473 0.477 7.300 10.200 0.718 2.400 9.100 11.500 3.300 1.600 1.400 3.800 3.600 26.900
"Tyson Chandler" C 33 PHO 66 60 24.5 2.800 4.800 0.583 0.000 0.000 0.000 2.800 4.700 0.585 0.583 1.600 2.600 0.620 2.700 6.100 8.700 1.000 0.500 0.700 1.400 2.200 7.200
"Sean Kilpatrick" SG 26 BRK 23 0 23.2 5.000 10.800 0.462 1.500 4.200 0.361 3.500 6.600 0.526 0.532 2.300 2.600 0.898 0.400 1.700 2.200 1.100 0.400 0.100 1.200 1.300 13.800
"Jarell Eddie" SF 24 WAS 26 0 5.7 0.800 2.500 0.308 0.600 1.800 0.319 0.200 0.700 0.278 0.423 0.300 0.300 1.000 0.100 0.800 0.900 0.200 0.200 0.000 0.000 0.200 2.400
"Dirk Nowitzki" PF 37 DAL 75 75 31.5 6.600 14.800 0.448 1.700 4.600 0.368 5.000 10.300 0.483 0.504 3.300 3.700 0.893 0.700 5.800 6.500 1.800 0.700 0.700 1.100 2.100 18.300
"Robin Lopez" C 27 NYK 82 82 27.1 4.400 8.100 0.539 0.000 0.000 0.000 4.400 8.100 0.540 0.539 1.600 2.000 0.795 3.300 4.100 7.300 1.400 0.200 1.600 1.600 2.200 10.300
"Anthony Brown" SF 23 LAL 29 11 20.7 1.300 4.300 0.310 0.700 2.400 0.286 0.700 1.900 0.339 0.389 0.600 0.700 0.850 0.300 2.100 2.400 0.700 0.500 0.200 0.500 1.200 4.000
"Ish Smith" PG 27 NOP 27 3 22.9 3.600 8.400 0.430 0.400 1.200 0.303 3.300 7.200 0.451 0.452 1.200 1.600 0.767 0.500 2.900 3.400 5.700 0.900 0.200 1.700 1.400 8.900
"Jordan McRae" PG 24 CLE 15 1 7.5 1.500 3.500 0.442 0.500 0.700 0.636 1.100 2.700 0.390 0.510 0.600 0.900 0.692 0.100 0.700 0.800 1.000 0.000 0.100 0.600 0.700 4.100
"DeAndre Jordan" C 27 LAC 77 77 33.7 4.600 6.600 0.703 0.000 0.000 0.000 4.600 6.600 0.704 0.703 3.500 8.000 0.430 3.500 10.300 13.800 1.200 0.700 2.300 1.400 2.700 12.700
"Elfrid Payton" PG 21 ORL 73 69 29.4 4.400 10.000 0.436 0.400 1.300 0.326 3.900 8.700 0.451 0.456 1.500 2.600 0.589 1.100 2.500 3.600 6.400 1.200 0.300 2.400 2.200 10.700
"Jason Thompson" C 29 TOR 19 6 15.4 1.700 3.500 0.485 0.300 0.800 0.333 1.400 2.700 0.529 0.523 0.900 1.200 0.818 1.200 3.100 4.200 0.500 0.400 0.600 0.400 2.100 4.600
"Bismack Biyombo" C 23 TOR 82 22 22 1.900 3.500 0.542 0.000 0.000 0.000 1.900 3.500 0.544 0.542 1.700 2.800 0.628 2.200 5.800 8.000 0.400 0.200 1.600 0.900 2.700 5.500
"Matthew Dellavedova" PG 25 CLE 76 14 24.6 2.700 6.700 0.405 1.300 3.100 0.410 1.400 3.600 0.401 0.501 0.800 0.900 0.864 0.400 1.700 2.100 4.400 0.600 0.100 1.500 2.300 7.500
"Ronnie Price" PG 32 PHO 62 18 19.5 1.900 4.900 0.384 1.100 3.200 0.347 0.800 1.700 0.453 0.497 0.500 0.700 0.756 0.400 1.200 1.600 2.400 1.200 0.200 1.100 2.600 5.300
"Charlie Villanueva" PF 31 DAL 62 4 10.7 2.000 5.300 0.382 0.800 2.800 0.273 1.300 2.500 0.503 0.454 0.400 0.400 0.917 0.400 2.100 2.500 0.400 0.300 0.200 0.500 1.100 5.100
"Joffrey Lauvergne" C 24 DEN 59 15 17.6 3.300 6.400 0.513 0.200 0.900 0.245 3.100 5.500 0.557 0.530 1.100 1.200 0.899 1.300 3.600 4.900 0.900 0.200 0.300 0.900 1.900 7.900
"Greivis Vasquez" PG 29 MIL 23 0 20 2.000 6.000 0.326 0.800 3.200 0.247 1.200 2.800 0.415 0.391 1.000 1.100 0.846 0.200 1.800 2.000 4.000 0.400 0.000 1.700 1.800 5.700
"Michael Beasley" PF 27 HOU 20 0 18.2 5.400 10.300 0.522 0.200 0.500 0.333 5.200 9.800 0.531 0.529 1.900 2.500 0.776 1.500 3.500 4.900 0.800 0.600 0.500 1.200 2.000 12.800
"Pablo Prigioni" PG 38 LAC 59 3 13.9 0.900 2.500 0.374 0.500 1.600 0.295 0.500 0.900 0.519 0.469 0.100 0.100 0.875 0.600 1.300 1.900 2.200 0.900 0.000 0.800 1.400 2.500
"Avery Bradley" SG 25 BOS 76 72 33.4 6.000 13.400 0.447 1.900 5.400 0.361 4.100 8.100 0.505 0.520 1.300 1.600 0.780 0.600 2.300 2.900 2.100 1.500 0.300 1.400 2.200 15.200
"Jonathon Simmons" SG 26 SAS 55 2 14.8 2.200 4.400 0.504 0.300 0.900 0.383 1.900 3.500 0.533 0.541 1.300 1.700 0.750 0.300 1.500 1.700 1.100 0.400 0.100 1.000 1.900 6.000
"Jared Sullinger" PF 23 BOS 81 73 23.6 4.300 10.000 0.435 0.400 1.300 0.282 4.000 8.700 0.458 0.453 1.300 2.000 0.640 2.400 5.900 8.300 2.300 0.900 0.600 1.300 2.600 10.300
"Kenneth Faried" PF 26 DEN 67 64 25.3 5.200 9.300 0.558 0.000 0.000 0.500 5.200 9.300 0.558 0.558 2.000 3.300 0.613 3.500 5.200 8.700 1.200 0.500 0.900 1.400 2.500 12.500
"Brook Lopez" C 27 BRK 73 73 33.7 8.100 15.800 0.511 0.000 0.200 0.143 8.100 15.700 0.515 0.512 4.300 5.500 0.787 2.800 5.100 7.800 2.000 0.800 1.700 2.400 2.900 20.600
"Andrea Bargnani" C 30 BRK 46 0 13.8 2.800 6.100 0.455 0.100 0.300 0.188 2.700 5.700 0.471 0.461 1.000 1.200 0.825 0.600 1.500 2.100 0.400 0.100 0.200 0.600 1.300 6.600
"Devin Harris" PG 32 DAL 64 0 20 2.600 5.800 0.447 0.800 2.500 0.329 1.800 3.400 0.532 0.516 1.600 2.200 0.721 0.300 1.900 2.200 1.800 0.900 0.200 1.000 1.900 7.600
"Chandler Parsons" SF 27 DAL 61 51 29.5 5.200 10.700 0.492 1.700 4.100 0.414 3.500 6.600 0.540 0.571 1.500 2.200 0.684 0.500 4.200 4.700 2.800 0.800 0.300 1.600 1.900 13.700
"Draymond Green" PF 25 GSW 81 81 34.7 5.000 10.100 0.490 1.200 3.200 0.388 3.700 6.900 0.537 0.551 2.800 4.100 0.696 1.700 7.800 9.500 7.400 1.500 1.400 3.200 3.000 14.000
"Paul George" SF 25 IND 81 81 34.8 7.500 17.900 0.418 2.600 7.000 0.371 4.900 10.900 0.447 0.490 5.600 6.500 0.860 1.000 6.000 7.000 4.100 1.900 0.400 3.300 2.800 23.100
"Joe Johnson" SF 34 TOT 81 81 33.4 4.700 10.600 0.439 1.500 3.900 0.383 3.200 6.700 0.471 0.509 1.500 1.800 0.831 0.600 3.000 3.600 3.900 0.800 0.000 2.000 1.800 12.200
"Darrun Hilliard" SG 22 DET 38 2 10.1 1.400 3.400 0.397 0.500 1.300 0.380 0.900 2.100 0.407 0.469 0.800 1.100 0.725 0.100 1.100 1.200 0.700 0.200 0.000 0.500 0.700 4.000
"Will Barton" SG 25 DEN 82 1 28.7 5.200 12.000 0.432 1.400 4.000 0.345 3.800 8.000 0.476 0.489 2.600 3.300 0.806 0.700 5.100 5.800 2.500 0.900 0.500 1.700 1.800 14.400
"Brandon Bass" PF 30 LAL 66 0 20.3 2.600 4.800 0.549 0.000 0.000 0.000 2.600 4.800 0.552 0.549 1.900 2.200 0.845 1.600 2.700 4.300 1.100 0.500 0.800 0.600 1.900 7.200
"Tyreke Evans" SG 26 NOP 25 25 30.6 5.400 12.600 0.433 1.300 3.400 0.388 4.100 9.200 0.450 0.486 3.000 3.700 0.796 0.800 4.400 5.200 6.600 1.300 0.300 2.900 2.600 15.200
"Tobias Harris" PF 23 TOT 76 74 33.1 5.500 11.700 0.469 1.100 3.100 0.335 4.400 8.600 0.518 0.514 2.700 3.200 0.831 1.300 5.400 6.700 2.200 0.900 0.500 1.400 2.000 14.700
"Kemba Walker" PG 25 CHO 81 81 35.6 7.000 16.400 0.427 2.200 6.000 0.371 4.800 10.400 0.459 0.495 4.600 5.400 0.847 0.700 3.700 4.400 5.200 1.600 0.500 2.100 1.400 20.900
"Jason Thompson" C 29 TOT 47 7 10 1.100 2.300 0.481 0.100 0.300 0.333 1.000 2.000 0.505 0.505 0.800 1.100 0.704 0.700 2.200 2.900 0.600 0.300 0.400 0.300 1.700 3.100
"Jeremy Lin" SG 27 CHO 78 13 26.3 3.800 9.300 0.412 1.000 2.900 0.336 2.900 6.400 0.446 0.464 3.100 3.700 0.815 0.500 2.700 3.200 3.000 0.700 0.500 1.900 2.100 11.700
"Marcus Smart" PG 21 BOS 61 10 27.3 3.000 8.700 0.348 1.000 4.000 0.253 2.000 4.700 0.427 0.405 2.100 2.700 0.777 1.200 2.900 4.200 3.000 1.500 0.300 1.300 3.000 9.100
"Brian Roberts" PG 30 CHO 30 0 11.1 1.700 3.800 0.443 0.300 0.900 0.333 1.400 2.900 0.477 0.483 1.100 1.200 0.919 0.100 0.800 1.000 1.300 0.200 0.000 0.500 0.800 4.800
"Myles Turner" C 19 IND 60 30 22.8 4.400 8.800 0.498 0.100 0.200 0.214 4.400 8.600 0.506 0.501 1.500 2.000 0.727 1.100 4.400 5.500 0.700 0.400 1.400 1.100 2.600 10.300
"Marc Gasol" C 31 MEM 52 52 34.4 6.300 13.600 0.464 0.000 0.100 0.667 6.300 13.500 0.463 0.465 3.900 4.700 0.829 1.100 5.800 7.000 3.800 1.000 1.300 2.300 2.700 16.600
"Meyers Leonard" PF 23 POR 61 10 21.9 3.200 7.100 0.448 1.400 3.700 0.377 1.800 3.400 0.527 0.547 0.600 0.800 0.761 0.800 4.300 5.100 1.500 0.100 0.300 1.300 3.000 8.400
"Nikola Vucevic" C 25 ORL 65 60 31.3 8.200 16.100 0.510 0.000 0.100 0.222 8.200 16.000 0.512 0.511 1.700 2.300 0.753 2.700 6.200 8.900 2.800 0.800 1.100 1.900 2.700 18.200
"Tyler Hansbrough" PF 30 CHO 44 0 7.8 0.700 1.600 0.451 0.000 0.100 0.667 0.700 1.500 0.441 0.465 0.900 1.500 0.585 0.900 1.100 2.000 0.200 0.300 0.200 0.300 1.300 2.400
"Jared Cunningham" SG 24 MIL 4 0 13.8 1.000 3.500 0.286 0.500 1.800 0.286 0.500 1.800 0.286 0.357 1.500 1.800 0.857 0.000 2.300 2.300 0.300 0.500 0.000 0.800 1.000 4.000
"Markieff Morris" PF 26 TOT 64 45 25.5 4.800 11.200 0.425 0.700 2.400 0.303 4.000 8.800 0.458 0.458 1.700 2.300 0.735 1.100 4.400 5.500 1.900 0.900 0.500 2.100 2.900 12.000
"Hollis Thompson" SG 24 PHI 77 17 28 3.500 8.800 0.397 1.900 5.100 0.380 1.600 3.700 0.420 0.507 0.900 1.200 0.719 0.700 2.800 3.500 1.300 0.500 0.300 1.000 2.400 9.800
"Josh Smith" PF 30 HOU 23 6 18.3 2.500 7.300 0.343 1.000 3.700 0.271 1.500 3.700 0.417 0.411 0.500 1.100 0.480 0.800 2.100 2.900 2.100 0.700 0.600 1.600 2.400 6.600
"Luis Montero" SG 22 POR 12 0 3.5 0.400 1.600 0.263 0.100 0.800 0.111 0.300 0.800 0.400 0.289 0.300 0.300 0.750 0.000 0.300 0.300 0.100 0.000 0.000 0.300 0.100 1.200
"J.J. Hickson" C 27 WAS 15 0 8.7 1.700 3.100 0.543 0.000 0.100 0.000 1.700 3.000 0.556 0.543 1.300 2.900 0.432 1.100 1.900 3.000 0.500 0.300 0.100 0.600 0.800 4.600
"James Johnson" PF 28 TOR 57 32 16.2 2.000 4.200 0.475 0.400 1.200 0.303 1.600 3.100 0.540 0.517 0.700 1.200 0.574 0.500 1.700 2.200 1.200 0.500 0.600 0.900 1.500 5.000
"Anderson Varejao" C 33 TOT 53 0 9.4 1.000 2.300 0.427 0.000 0.000 0.000 1.000 2.300 0.431 0.427 0.600 0.900 0.640 0.700 2.000 2.700 0.700 0.300 0.200 0.400 1.300 2.600
"Tim Duncan" C 39 SAS 61 60 25.2 3.500 7.200 0.488 0.000 0.000 0.000 3.500 7.200 0.490 0.488 1.500 2.100 0.702 1.900 5.400 7.300 2.700 0.800 1.300 1.500 2.000 8.600
"Terrence Ross" SF 24 TOR 73 7 23.9 3.700 8.600 0.431 1.800 4.600 0.386 1.900 3.900 0.484 0.536 0.700 0.800 0.790 0.300 2.200 2.500 0.800 0.700 0.300 0.600 1.600 9.900
"Sean Kilpatrick" SG 26 TOT 31 0 19.9 4.000 8.700 0.456 1.300 3.700 0.342 2.700 5.000 0.538 0.528 1.900 2.200 0.896 0.400 1.400 1.800 0.900 0.400 0.100 1.000 1.200 11.100
"Isaiah Canaan" SG 24 PHI 77 39 25.5 3.400 9.400 0.360 2.300 6.300 0.363 1.100 3.100 0.354 0.482 1.900 2.300 0.833 0.300 2.000 2.300 1.800 0.700 0.200 1.200 1.700 11.000
"Nikola Mirotic" PF 24 CHI 66 38 24.9 3.800 9.200 0.407 2.000 5.200 0.390 1.700 4.000 0.430 0.518 2.200 2.700 0.807 0.900 4.600 5.500 1.500 0.900 0.700 1.500 2.300 11.800
"Cameron Bairstow" C 25 CHI 18 2 5.7 0.700 2.200 0.325 0.100 0.300 0.200 0.700 1.900 0.343 0.338 0.400 0.400 0.875 0.200 1.300 1.600 0.300 0.100 0.200 0.200 1.100 1.900
"Erick Green" PG 24 UTA 6 0 5.8 0.800 2.000 0.417 0.200 0.700 0.250 0.700 1.300 0.500 0.458 0.300 0.300 1.000 0.500 0.300 0.800 0.300 0.200 0.000 0.000 0.700 2.200
"Marcus Morris" SF 26 DET 80 80 35.7 5.100 11.800 0.434 1.400 3.700 0.362 3.800 8.100 0.467 0.491 2.500 3.400 0.749 1.100 3.900 5.100 2.500 0.800 0.300 1.800 2.100 14.100
"C.J. Wilcox" SG 25 LAC 23 0 7.3 1.100 2.900 0.394 0.400 1.000 0.391 0.700 1.900 0.395 0.462 0.400 0.500 0.750 0.000 0.500 0.500 0.400 0.400 0.100 0.100 0.700 3.000
"P.J. Hairston" SF 23 CHO 48 43 19.5 2.100 5.800 0.359 1.100 3.600 0.314 0.900 2.200 0.433 0.457 0.700 0.900 0.810 0.400 2.300 2.700 0.600 0.500 0.100 0.500 2.200 6.000
"Elliot Williams" PG 26 MEM 5 0 9 0.400 2.000 0.200 0.200 0.800 0.250 0.200 1.200 0.167 0.250 0.600 0.800 0.750 0.200 0.600 0.800 0.800 0.000 0.000 0.200 0.400 1.600
"Marco Belinelli" SG 29 SAC 68 7 24.6 3.600 9.300 0.386 1.300 4.400 0.306 2.300 5.000 0.456 0.457 1.700 2.000 0.833 0.100 1.600 1.700 1.900 0.500 0.000 1.200 1.300 10.200
"John Henson" C 25 MIL 57 1 16.8 2.900 5.100 0.564 0.000 0.000 0.000 2.900 5.100 0.566 0.564 1.200 2.100 0.590 1.500 2.400 3.900 0.900 0.300 1.900 1.100 2.300 7.000
"K.J. McDaniels" SF 22 HOU 37 1 6.4 0.800 1.900 0.403 0.200 0.700 0.280 0.600 1.300 0.468 0.451 0.600 0.800 0.800 0.400 0.700 1.100 0.300 0.200 0.200 0.500 0.800 2.400
"Andre Roberson" SG 24 OKC 70 70 22.2 1.900 3.900 0.496 0.500 1.500 0.311 1.500 2.400 0.608 0.555 0.500 0.800 0.611 1.100 2.500 3.600 0.700 0.800 0.600 0.500 1.900 4.800
"Mike Conley" PG 28 MEM 56 56 31.4 5.300 12.400 0.422 1.400 3.800 0.363 3.900 8.600 0.449 0.478 3.400 4.100 0.834 0.500 2.500 2.900 6.100 1.200 0.300 1.500 1.800 15.300
"Dwyane Wade" SG 34 MIA 74 73 30.5 7.300 16.000 0.456 0.100 0.600 0.159 7.200 15.400 0.468 0.459 4.400 5.500 0.793 1.100 3.000 4.100 4.600 1.100 0.600 2.700 1.600 19.000
"Jose Calderon" PG 34 NYK 72 72 28.1 2.900 6.300 0.459 1.200 2.800 0.414 1.700 3.500 0.496 0.552 0.600 0.700 0.875 0.300 2.900 3.200 4.100 0.900 0.100 1.200 1.900 7.600
"Nick Collison" PF 35 OKC 59 4 11.8 0.800 1.800 0.459 0.000 0.000 0.000 0.800 1.800 0.467 0.459 0.400 0.600 0.697 1.200 1.700 2.900 0.900 0.300 0.300 0.800 1.800 2.100
"Kevin Love" PF 27 CLE 77 77 31.5 5.300 12.700 0.419 2.100 5.700 0.360 3.300 7.000 0.467 0.499 3.400 4.100 0.822 1.900 8.000 9.900 2.400 0.800 0.500 1.800 2.100 16.000
"Chris Johnson" SF 25 UTA 70 2 12.2 1.000 2.800 0.371 0.400 1.400 0.273 0.600 1.400 0.474 0.441 0.500 0.600 0.810 0.400 1.500 1.900 0.600 0.500 0.300 0.600 1.400 2.900
"Ty Lawson" PG 28 IND 13 1 18.1 2.200 5.200 0.418 0.400 1.100 0.357 1.800 4.100 0.434 0.455 0.200 0.500 0.500 0.500 1.900 2.400 4.400 0.800 0.100 1.000 1.200 4.900
"Rodney Hood" SG 23 UTA 79 79 32.2 5.200 12.300 0.420 2.000 5.700 0.359 3.100 6.600 0.472 0.503 2.200 2.500 0.860 0.500 2.900 3.400 2.700 0.900 0.200 1.600 2.600 14.500
"Chris Andersen" C 37 MEM 20 14 18.3 1.700 3.100 0.548 0.100 0.500 0.222 1.600 2.700 0.604 0.565 1.100 1.600 0.688 1.700 2.800 4.500 0.500 0.700 0.500 0.400 1.300 4.600
"Jusuf Nurkic" C 21 DEN 32 3 17.1 3.200 7.600 0.417 0.000 0.100 0.000 3.200 7.500 0.423 0.417 1.900 3.100 0.616 2.000 3.400 5.500 1.300 0.800 1.400 1.700 2.800 8.200
"Roy Hibbert" C 29 LAL 81 81 23.2 2.200 5.100 0.443 0.000 0.000 0.000 2.200 5.000 0.445 0.443 1.400 1.800 0.807 1.600 3.300 4.900 1.200 0.400 1.400 0.900 3.100 5.900
"Tyler Johnson" SG 23 MIA 36 5 24 3.300 6.800 0.486 0.800 2.000 0.380 2.500 4.800 0.529 0.541 1.400 1.800 0.797 0.800 2.300 3.000 2.200 0.700 0.400 1.300 1.800 8.700
"Jodie Meeks" SG 28 DET 3 0 14.3 2.300 6.700 0.350 1.300 3.000 0.444 1.000 3.700 0.273 0.450 1.300 1.300 1.000 0.300 1.300 1.700 1.000 0.000 0.000 0.300 0.700 7.300
"Gerald Henderson" SG 28 POR 72 0 19.9 3.200 7.300 0.439 0.700 1.900 0.353 2.600 5.500 0.468 0.484 1.600 2.000 0.767 0.400 2.500 2.900 1.000 0.500 0.300 0.900 1.200 8.700
"Kevin Durant" SF 27 OKC 72 72 35.8 9.700 19.200 0.505 2.600 6.700 0.387 7.100 12.500 0.569 0.573 6.200 6.900 0.898 0.600 7.600 8.200 5.000 1.000 1.200 3.500 1.900 28.200
"Bojan Bogdanovic" SF 26 BRK 79 39 26.8 4.100 9.500 0.433 1.600 4.300 0.382 2.500 5.200 0.474 0.519 1.400 1.700 0.833 0.500 2.800 3.200 1.300 0.400 0.100 1.500 1.500 11.200
"Jorge Gutierrez" PG 27 CHO 12 0 5.3 0.500 0.900 0.545 0.000 0.200 0.000 0.500 0.800 0.667 0.545 0.800 0.900 0.909 0.000 0.600 0.600 1.400 0.300 0.000 0.500 0.300 1.800
